"name"	"md"	"leftend"	"rightend"	"LBint"	"LBslope"	"UBint"	"UBslope"
"75"	"[15]N1"	0.997034959999979	0	28.00614802	-8.67361737988404e-19	2.11313746507159e-06	0	0.00026089257273998
"76"	"[15]N1"	0.997034959999979	28.00614802	126.065394252	-8.67361737988404e-19	2.11313746507159e-06	0.00313300469143504	0.00014902411124368
"77"	"[15]N1"	0.997034959999979	126.065394252	424.102584442	-8.67361737988404e-19	2.11313746507159e-06	0.0157386204634811	4.90314380216543e-05
"78"	"[15]N1"	0.997034959999979	424.102584442	875.415068426	-8.67361737988404e-19	2.11313746507159e-06	0.0193677876304838	4.04741518834959e-05
"79"	"[15]N1"	0.997034959999979	875.415068426	1474.912296002	-8.67361737988404e-19	2.11313746507159e-06	0.0121216797402644	4.87514915724824e-05
"80"	"[15]N1"	0.997034959999979	1474.912296002	2009.036408958	-8.67361737988404e-19	2.11313746507159e-06	0.0537615727325207	2.05193769544619e-05
"81"	"[15]N1"	0.997034959999979	2009.036408958	3457.70028228	-8.67361737988404e-19	2.11313746507159e-06	-0.0326897714969112	6.35506250911098e-05
"82"	"[15]N1"	0.997034959999979	3457.70028228	5224.168615172	-0.0355993852878599	1.24088202546701e-05	-0.0326897714969112	6.35506250911098e-05
"113"	"[33]S1"	0.999387809999916	0	31.97207073	0	3.93002731026493e-06	0	0.000246952035768924
"114"	"[33]S1"	0.999387809999916	31.97207073	75.94414146	0	3.93002731026493e-06	0.00215470442672642	0.000179558702227202
"115"	"[33]S1"	0.999387809999916	75.94414146	205.848074444	0	3.93002731026493e-06	-0.00267241991629381	0.00024312021270346
"116"	"[33]S1"	0.999387809999916	205.848074444	305.88274543	0	3.93002731026493e-06	0.0311261662051626	7.89283143204072e-05
"117"	"[33]S1"	0.999387809999916	305.88274543	2009.036408958	0	3.93002731026493e-06	0.0532581679461203	6.57378608493824e-06
"118"	"[33]S1"	0.999387809999916	2009.036408958	3503.683361478	-0.0133301582456241	1.056512769281e-05	0.0532581679461203	6.57378608493824e-06
"1"	"[13]C1"	1.00335483999999	0	140.062600256	0	4.24371785642623e-05	0	0.000849427406049875
"2"	"[13]C1"	1.00335483999999	140.062600256	162.046950192	0	4.24371785642623e-05	-0.0188413005747015	0.000983947974283395
"3"	"[13]C1"	1.00335483999999	162.046950192	254.86445279	0	4.24371785642623e-05	0.00295734724563523	0.000849427406049875
"4"	"[13]C1"	1.00335483999999	254.86445279	302.109550448	-0.0135815132254586	9.57263410064226e-05	0.00295734724563523	0.000849427406049875
"5"	"[13]C1"	1.00335483999999	302.109550448	819.79403116	-0.0135815132254586	9.57263410064226e-05	0.0348291586425923	0.000743929875933087
"6"	"[13]C1"	1.00335483999999	819.79403116	970.886968268	-0.257690775587749	0.000393495357471301	0.0348291586425923	0.000743929875933087
"7"	"[13]C1"	1.00335483999999	970.886968268	1381.278219868	-0.257690775587749	0.000393495357471301	-0.0105213514274711	0.000790640267103509
"8"	"[13]C1"	1.00335483999999	1381.278219868	1506.951330946	-0.257690775587749	0.000393495357471301	0.655293368840146	0.000308612308730832
"9"	"[13]C1"	1.00335483999999	1506.951330946	3133.59463544	-0.352399969127985	0.000456343567360588	0.655293368840146	0.000308612308730832
"10"	"[13]C1"	1.00335483999999	3133.59463544	3457.70028228	-0.352399969127985	0.000456343567360588	0.3675051497491	0.000400451953794124
"11"	"[13]C1"	1.00335483999999	3457.70028228	5224.168615172	-0.352399969127985	0.000456343567360588	0.71477881147076	0.000300017088603129
"12"	"[13]C1"	1.00335483999999	5224.168615172	6176.01785464401	-0.352399969127985	0.000456343567360588	1.27297335429212	0.000193168595773044
"215"	"[17]O1"	1.00421688	0	31.98982924	0	2.75777641208496e-07	0	2.38154224875673e-05
"216"	"[17]O1"	1.00421688	31.98982924	47.98474386	0	2.75777641208496e-07	2.16840434497101e-19	2.38154224875673e-05
"217"	"[17]O1"	1.00421688	47.98474386	301.998221672	0	2.75777641208496e-07	0.000495143685247551	1.3496649364756e-05
"218"	"[17]O1"	1.00421688	301.998221672	819.79403116	0	2.75777641208496e-07	0.000572041753913856	1.32420184989166e-05
"219"	"[17]O1"	1.00421688	819.79403116	1381.278219868	0	2.75777641208496e-07	0.00279316587319787	1.05326500052949e-05
"220"	"[17]O1"	1.00421688	1381.278219868	1506.951330946	-0.00966823006136958	7.27525821094738e-06	0.00279316587319787	1.05326500052949e-05
"221"	"[17]O1"	1.00421688	1506.951330946	3097.014209664	-0.00966823006136958	7.27525821094738e-06	0.00169765583449852	1.12596210867111e-05
"222"	"[17]O1"	1.00421688	3097.014209664	3318.563277864	-0.00966823006136958	7.27525821094738e-06	0.0316278268471471	1.59541905649318e-06
"223"	"[17]O1"	1.00421688	3318.563277864	3503.683361478	-0.0264969072340118	1.23463313723047e-05	0.0316278268471471	1.59541905649318e-06
"224"	"[17]O1"	1.00421688	3503.683361478	4290.824850754	-0.0468496477724479	1.81552868167974e-05	0.0316278268471471	1.59541905649318e-06
"225"	"[17]O1"	1.00421688	4290.824850754	5224.168615172	-0.0468496477724479	1.81552868167974e-05	-0.0395576030591008	1.81855695245877e-05
"226"	"[17]O1"	1.00421688	5224.168615172	6176.01785464401	-0.0878980908588108	2.60126984185498e-05	-0.0395576030591008	1.81855695245877e-05
"227"	"[2]H1"	1.00627674599997	0	2.015650064	0	9.05918812850746e-07	0	0.000114120232053385
"228"	"[2]H1"	1.00627674599997	2.015650064	114.140850576	0	9.05918812850746e-07	0.000196945373486117	1.64121144571764e-05
"229"	"[2]H1"	1.00627674599997	114.140850576	126.957542872	0	9.05918812850746e-07	0.000196945373486117	1.64121144571764e-05
"230"	"[2]H1"	1.00627674599997	126.957542872	128.15650064	-6.53104744711118e-05	1.42034649468576e-06	0.000196945373486117	1.64121144571764e-05
"231"	"[2]H1"	1.00627674599997	128.15650064	207.933013964	-6.53104744711118e-05	1.42034649468576e-06	0.000196945373486117	1.64121144571764e-05
"232"	"[2]H1"	1.00627674599997	207.933013964	259.904606326	-0.000230129677439137	2.21300178220331e-06	0.000196945373486117	1.64121144571764e-05
"233"	"[2]H1"	1.00627674599997	259.904606326	436.500802048	-0.000266629408101143	2.35343688713647e-06	0.000196945373486117	1.64121144571764e-05
"234"	"[2]H1"	1.00627674599997	436.500802048	464.532102176	-0.000266629408101143	2.35343688713647e-06	0.000196945373486144	1.64121144571763e-05
"235"	"[2]H1"	1.00627674599997	464.532102176	508.582126378	-0.000266629408101143	2.35343688713647e-06	0.00054362723002239	1.56658111233222e-05
"236"	"[2]H1"	1.00627674599997	508.582126378	601.99688424	-0.000266629408101143	2.35343688713647e-06	0.00109032453397491	1.45908671258876e-05
"237"	"[2]H1"	1.00627674599997	601.99688424	886.944483144	-0.000976404213059928	3.53247090465444e-06	0.00109032453397491	1.45908671258876e-05
"238"	"[2]H1"	1.00627674599997	886.944483144	1185.158892584	-0.000976404213059928	3.53247090465444e-06	0.00376949917808806	1.15701880472872e-05
"239"	"[2]H1"	1.00627674599997	1185.158892584	1188.056368736	-0.000976404213059928	3.53247090465444e-06	0.00720859966995146	8.66838263251692e-06
"240"	"[2]H1"	1.00627674599997	1188.056368736	1689.3478276	-0.00143943997438075	3.92221315384877e-06	0.00720859966995146	8.66838263251692e-06
"241"	"[2]H1"	1.00627674599997	1689.3478276	2654.234034376	-0.00143943997438075	3.92221315384877e-06	0.0137805958300901	4.77812625501575e-06
"242"	"[2]H1"	1.00627674599997	2654.234034376	3133.59463544	-0.0173800162342785	9.92792932410554e-06	0.0137805958300901	4.77812625501575e-06
"243"	"[2]H1"	1.00627674599997	3133.59463544	3457.70028228	-0.0173800162342785	9.92792932410554e-06	0.00651334671935562	7.09726767443998e-06
"244"	"[2]H1"	1.00627674599997	3457.70028228	5224.168615172	-0.0173800162342785	9.92792932410554e-06	0.00719001618451809	6.90156839170277e-06
"245"	"[2]H1"	1.00627674599997	5224.168615172	6176.01785464401	-0.0173800162342785	9.92792932410554e-06	0.0394575131620445	7.24988086883474e-07
"135"	"[34]S1"	1.99579613999992	0	31.97207073	0	2.2270154758168e-05	0	0.00139939486935724
"136"	"[34]S1"	1.99579613999992	31.97207073	75.94414146	0	2.2270154758168e-05	0.0122099917514497	0.00101749931262081
"137"	"[34]S1"	1.99579613999992	75.94414146	205.848074444	0	2.2270154758168e-05	-0.0151437128589983	0.00137768120531961
"138"	"[34]S1"	1.99579613999992	205.848074444	305.88274543	0	2.2270154758168e-05	0.176381608495921	0.000447260447815641
"139"	"[34]S1"	1.99579613999992	305.88274543	2009.036408958	0	2.2270154758168e-05	0.301796285028015	3.72514544813167e-05
"140"	"[34]S1"	1.99579613999992	2009.036408958	3503.683361478	-0.0755375633918699	5.98690569259231e-05	0.301796285028015	3.72514544813167e-05
"162"	"[37]Cl1"	1.99704989	0	34.96885271	0	0.000196202972474637	0	0.00914979293158619
"163"	"[37]Cl1"	1.99704989	34.96885271	51.971592362	0	0.000196202972474637	0.319957761351637	0
"164"	"[37]Cl1"	1.99704989	51.971592362	83.953355484	0	0.000196202972474637	-0.199985879109717	0.0100043815636775
"165"	"[37]Cl1"	1.99704989	83.953355484	151.87541084	0	0.000196202972474637	-0.151036033100785	0.00942132153317922
"166"	"[37]Cl1"	1.99704989	151.87541084	261.80803088	0	0.000196202972474637	0.395767399164963	0.00582097945514657
"167"	"[37]Cl1"	1.99704989	261.80803088	1630.748797106	0	0.000196202972474637	0.11063159357424	0.00691008204925842
"288"	"[13]C1[15]N1"	2.00038979999999	0	149.070145274	1.35525271560688e-20	3.96488772591804e-07	0	7.95190985807213e-06
"289"	"[13]C1[15]N1"	2.00038979999999	149.070145274	298.972490444	1.35525271560688e-20	3.96488772591804e-07	-0.00220975639162013	2.27755111067223e-05
"290"	"[13]C1[15]N1"	2.00038979999999	298.972490444	416.243692976	-0.000263616478825679	1.27823036170653e-06	-0.00220975639162013	2.27755111067223e-05
"291"	"[13]C1[15]N1"	2.00038979999999	416.243692976	639.00811902	-0.000263616478825679	1.27823036170653e-06	-0.00709302149634182	3.45072566853953e-05
"292"	"[13]C1[15]N1"	2.00038979999999	639.00811902	875.415068426	-0.00069423944221018	1.95212315049443e-06	-0.00709302149634182	3.45072566853953e-05
"293"	"[13]C1[15]N1"	2.00038979999999	875.415068426	1474.912296002	-0.00069423944221018	1.95212315049443e-06	-0.0346991699139992	6.60421815608528e-05
"294"	"[13]C1[15]N1"	2.00038979999999	1474.912296002	1691.544218622	-0.00069423944221018	1.95212315049443e-06	-0.00526832501685746	4.60878798868352e-05
"295"	"[13]C1[15]N1"	2.00038979999999	1691.544218622	2009.036408958	-0.00715584638819851	5.77206878056032e-06	-0.00526832501685746	4.60878798868352e-05
"296"	"[13]C1[15]N1"	2.00038979999999	2009.036408958	3457.70028228	-0.00715584638819851	5.77206878056032e-06	-0.19576136093058	0.000140905990232841
"297"	"[13]C1[15]N1"	2.00038979999999	3457.70028228	4290.824850754	-0.0775564410360784	2.61325942456125e-05	-0.19576136093058	0.000140905990232841
"298"	"[13]C1[15]N1"	2.00038979999999	4290.824850754	5224.168615172	-0.113109078275859	3.44183291512293e-05	-0.19576136093058	0.000140905990232841
"262"	"[13]C1[33]S1"	2.00274264999996	0	129.991091652	2.71050543121376e-20	1.09501510059461e-06	0	6.56939768930655e-06
"263"	"[13]C1[33]S1"	2.00274264999996	129.991091652	155.972858578	2.71050543121376e-20	1.09501510059461e-06	-0.00163086650285098	1.91153843575083e-05
"264"	"[13]C1[33]S1"	2.00274264999996	155.972858578	264.013483432	-8.455114040679e-05	1.6371039048753e-06	-0.00163086650285098	1.91153843575083e-05
"265"	"[13]C1[33]S1"	2.00274264999996	264.013483432	468.951103118	-8.455114040679e-05	1.6371039048753e-06	0.000597754876747131	1.06740678359901e-05
"266"	"[13]C1[33]S1"	2.00274264999996	468.951103118	538.967815822	-0.000460747698588402	2.4393123988533e-06	0.000597754876747131	1.06740678359901e-05
"267"	"[13]C1[33]S1"	2.00274264999996	538.967815822	584.02762996	-0.000979550655823152	3.40189855335958e-06	0.000597754876747131	1.06740678359901e-05
"268"	"[13]C1[33]S1"	2.00274264999996	584.02762996	748.158292942	-0.000979550655823152	3.40189855335958e-06	-0.00258815588241368	1.61291363905018e-05
"269"	"[13]C1[33]S1"	2.00274264999996	748.158292942	1091.223845864	-0.000979550655823152	3.40189855335958e-06	-0.0132601979483038	3.03935536489462e-05
"270"	"[13]C1[33]S1"	2.00274264999996	1091.223845864	1296.04690598	-0.00264846492702038	4.93129536550112e-06	-0.0132601979483038	3.03935536489462e-05
"271"	"[13]C1[33]S1"	2.00274264999996	1296.04690598	1668.453522408	-0.00264846492702038	4.93129536550112e-06	-0.00953220700976092	2.75171215373136e-05
"272"	"[13]C1[33]S1"	2.00274264999996	1668.453522408	2009.036408958	-0.00264846492702038	4.93129536550112e-06	0.0092662995895844	1.6250097106082e-05
"273"	"[13]C1[33]S1"	2.00274264999996	2009.036408958	3503.683361478	-0.0329163582888258	1.99971713381044e-05	0.0092662995895844	1.6250097106082e-05
"92"	"[18]O1"	2.00424577999999	0	31.98982924	0	1.48774780125636e-06	0	0.000128477937103981
"93"	"[18]O1"	2.00424577999999	31.98982924	47.98474386	0	1.48774780125636e-06	8.67361737988404e-19	0.000128477937103981
"94"	"[18]O1"	2.00424577999999	47.98474386	301.998221672	0	1.48774780125636e-06	0.00267116988094073	7.2810871573026e-05
"95"	"[18]O1"	2.00424577999999	301.998221672	819.79403116	0	1.48774780125636e-06	0.00308601472506156	7.1437205059945e-05
"96"	"[18]O1"	2.00424577999999	819.79403116	1381.278219868	0	1.48774780125636e-06	0.0150683948422517	5.68208750285648e-05
"97"	"[18]O1"	2.00424577999999	1381.278219868	1506.951330946	-0.0521575569100201	3.92481035064267e-05	0.0150683948422517	5.68208750285648e-05
"98"	"[18]O1"	2.00424577999999	1506.951330946	3097.014209664	-0.0521575569100201	3.92481035064267e-05	0.00915840647558414	6.07426927046257e-05
"99"	"[18]O1"	2.00424577999999	3097.014209664	3318.563277864	-0.0521575569100201	3.92481035064267e-05	0.17062380272803	8.60686596266061e-06
"100"	"[18]O1"	2.00424577999999	3318.563277864	3503.683361478	-0.142943841657169	6.66052087190125e-05	0.17062380272803	8.60686596266061e-06
"101"	"[18]O1"	2.00424577999999	3503.683361478	4290.824850754	-0.25274152087768	9.79429946695652e-05	0.17062380272803	8.60686596266061e-06
"102"	"[18]O1"	2.00424577999999	4290.824850754	5224.168615172	-0.25274152087768	9.79429946695652e-05	-0.213402858608307	9.81063619089598e-05
"103"	"[18]O1"	2.00424577999999	5224.168615172	6176.01785464401	-0.474187069106743	0.000140331662521124	-0.213402858608307	9.81063619089598e-05
"246"	"[13]C2"	2.00670967999997	0	140.062600256	0	5.67934205334754e-07	0	4.59358801411789e-05
"247"	"[13]C2"	2.00670967999997	140.062600256	205.974525576	0	5.67934205334754e-07	-0.0207470040834725	0.000194062532406324
"248"	"[13]C2"	2.00670967999997	205.974525576	298.972490444	-0.000401201158215849	2.51575351499892e-06	-0.0207470040834725	0.000194062532406324
"249"	"[13]C2"	2.00670967999997	298.972490444	508.370516156	-0.000454874558037031	2.69527973074363e-06	-0.0207470040834725	0.000194062532406324
"250"	"[13]C2"	2.00670967999997	508.370516156	536.438201792	-0.000454874558037031	2.69527973074363e-06	-0.163631933772166	0.0004751270810924
"251"	"[13]C2"	2.00670967999997	536.438201792	819.79403116	-0.000454874558037031	2.69527973074363e-06	-0.218492420941896	0.000577395127973599
"252"	"[13]C2"	2.00670967999997	819.79403116	1155.913586264	-0.0481751844065423	6.09054008522424e-05	-0.218492420941896	0.000577395127973599
"253"	"[13]C2"	2.00670967999997	1155.913586264	1381.278219868	-0.0837030263491781	9.16411257064371e-05	-0.218492420941896	0.000577395127973599
"254"	"[13]C2"	2.00670967999997	1381.278219868	1506.951330946	-0.0837030263491781	9.16411257064371e-05	0.00504080239425675	0.000415564426438672
"255"	"[13]C2"	2.00670967999997	1506.951330946	2772.908562824	-0.598124589923073	0.000433006870578213	0.00504080239425675	0.000415564426438672
"256"	"[13]C2"	2.00670967999997	2772.908562824	2934.961386244	-0.652477451942825	0.000452608260522495	0.00504080239425675	0.000415564426438672
"257"	"[13]C2"	2.00670967999997	2934.961386244	3097.014209664	-0.728748519946373	0.000478595337681679	0.00504080239425675	0.000415564426438672
"258"	"[13]C2"	2.00670967999997	3097.014209664	3133.59463544	-1.53357199224271	0.000738466109273538	0.00504080239425675	0.000415564426438672
"259"	"[13]C2"	2.00670967999997	3133.59463544	3457.70028228	-1.53357199224271	0.000738466109273538	-0.80321976476965	0.000673498416375573
"260"	"[13]C2"	2.00670967999997	3457.70028228	5224.168615172	-1.53357199224271	0.000738466109273538	-0.56136607752706	0.00060355201631249
"261"	"[13]C2"	2.00670967999997	5224.168615172	6176.01785464401	-1.53357199224271	0.000738466109273538	0.201384926444494	0.000457547731198802
"358"	"[13]C1[17]O1"	2.00757171999999	0	272.053217344	-2.71050543121376e-20	2.78127103595438e-07	0	1.33267665771982e-06
"359"	"[13]C1[17]O1"	2.00757171999999	272.053217344	592.533164816	-2.71050543121376e-20	2.78127103595438e-07	-0.000876569260752619	4.55472736276344e-06
"360"	"[13]C1[17]O1"	2.00757171999999	592.533164816	632.0649638	-2.09053184298745e-05	3.13408366605191e-07	-0.000876569260752619	4.55472736276344e-06
"361"	"[13]C1[17]O1"	2.00757171999999	632.0649638	1218.06693342	-2.09053184298745e-05	3.13408366605191e-07	-0.00390355193227754	9.34376463723373e-06
"362"	"[13]C1[17]O1"	2.00757171999999	1218.06693342	1381.278219868	-2.09053184298745e-05	3.13408366605191e-07	-0.0113694541593471	1.547306839077e-05
"363"	"[13]C1[17]O1"	2.00757171999999	1381.278219868	1870.158111968	-0.0158149658181505	1.17477886909615e-05	-0.0113694541593471	1.547306839077e-05
"364"	"[13]C1[17]O1"	2.00757171999999	1870.158111968	2654.234034376	-0.0158149658181505	1.17477886909615e-05	-0.0248845441895082	2.26997782307946e-05
"365"	"[13]C1[17]O1"	2.00757171999999	2654.234034376	3318.563277864	-0.0158149658181505	1.17477886909615e-05	-0.0253784901790762	2.28858756069757e-05
"366"	"[13]C1[17]O1"	2.00757171999999	3318.563277864	3503.683361478	-0.0326651917664279	1.68253552573954e-05	-0.0253784901790762	2.28858756069757e-05
"367"	"[13]C1[17]O1"	2.00757171999999	3503.683361478	4290.824850754	-0.143245906294851	4.83866303840883e-05	-0.0253784901790762	2.28858756069757e-05
"368"	"[13]C1[17]O1"	2.00757171999999	4290.824850754	5224.168615172	-0.143245906294851	4.83866303840883e-05	-0.169799844980022	5.65440555197651e-05
"369"	"[13]C1[17]O1"	2.00757171999999	5224.168615172	6176.01785464401	-0.274016057087306	7.34183934119264e-05	-0.169799844980022	5.65440555197651e-05
"306"	"[2]H1[13]C1"	2.00963158600001	0	212.250401024	0	1.82087465022691e-07	0	2.81317191872402e-06
"307"	"[2]H1[13]C1"	2.00963158600001	212.250401024	521.58995141	0	1.82087465022691e-07	-0.00129773028547948	8.92731954444625e-06
"308"	"[2]H1[13]C1"	2.00963158600001	521.58995141	819.79403116	0	1.82087465022691e-07	-0.00559399865155372	1.71641890517292e-05
"309"	"[2]H1[13]C1"	2.00963158600001	819.79403116	1155.913586264	-0.00142840197284868	1.92447874692494e-06	-0.00559399865155372	1.71641890517292e-05
"310"	"[2]H1[13]C1"	2.00963158600001	1155.913586264	1185.158892584	-0.00331230225766159	3.55427210449054e-06	-0.00559399865155372	1.71641890517292e-05
"311"	"[2]H1[13]C1"	2.00963158600001	1185.158892584	1381.278219868	-0.00331230225766159	3.55427210449054e-06	-0.0194101500819155	2.88218254385587e-05
"312"	"[2]H1[13]C1"	2.00963158600001	1381.278219868	1506.951330946	-0.00331230225766159	3.55427210449054e-06	-0.000288911879590417	1.49786778906647e-05
"313"	"[2]H1[13]C1"	2.00963158600001	1506.951330946	2654.234034376	-0.0100554078822202	8.02893925935185e-06	-0.000288911879590417	1.49786778906647e-05
"314"	"[2]H1[13]C1"	2.00963158600001	2654.234034376	3133.59463544	-0.061916206527663	2.75678337101703e-05	-0.000288911879590417	1.49786778906647e-05
"315"	"[2]H1[13]C1"	2.00963158600001	3133.59463544	3457.70028228	-0.061916206527663	2.75678337101703e-05	-0.0284007126503592	2.39497810617108e-05
"316"	"[2]H1[13]C1"	2.00963158600001	3457.70028228	5224.168615172	-0.061916206527663	2.75678337101703e-05	-0.0322630296519503	2.50668000877336e-05
"317"	"[2]H1[13]C1"	2.00963158600001	5224.168615172	6176.01785464401	-0.061916206527663	2.75678337101703e-05	0.0457098750028382	1.01413812510712e-05
"370"	"[15]N1[34]S1"	2.99283110000002	0	76.009518878	0	2.11409900295351e-07	0	4.30088820773371e-06
"371"	"[15]N1[34]S1"	2.99283110000002	76.009518878	337.04493498	0	2.11409900295351e-07	-0.000577403552968792	1.18973519334884e-05
"372"	"[15]N1[34]S1"	2.99283110000002	337.04493498	511.051476924	0	2.11409900295351e-07	0.00153290602440347	5.63614056860766e-06
"373"	"[15]N1[34]S1"	2.99283110000002	511.051476924	685.018104154	0	2.11409900295351e-07	0.00201241496285794	4.69786143214841e-06
"374"	"[15]N1[34]S1"	2.99283110000002	685.018104154	773.1625694	0	2.11409900295351e-07	-0.00342244966002846	1.26317606822981e-05
"375"	"[15]N1[34]S1"	2.99283110000002	773.1625694	1215.43408285	-0.00155101323358725	2.21747343075168e-06	-0.00342244966002846	1.26317606822981e-05
"376"	"[15]N1[34]S1"	2.99283110000002	1215.43408285	1668.453522408	-0.00361221881631925	3.91333305145509e-06	-0.00342244966002846	1.26317606822981e-05
"377"	"[15]N1[34]S1"	2.99283110000002	1668.453522408	2009.036408958	-0.00361221881631925	3.91333305145509e-06	0.00327445350172299	8.61792207558278e-06
"378"	"[15]N1[34]S1"	2.99283110000002	2009.036408958	3503.683361478	-0.0243121945720941	1.42167679038434e-05	0.00327445350172299	8.61792207558278e-06
"83"	"[15]N1[37]Cl1"	2.99408484999998	0	64.96684134	0	1.44407166561632e-06	0	1.79922715501706e-05
"84"	"[15]N1[37]Cl1"	2.99408484999998	64.96684134	118.90963214	0	1.44407166561632e-06	-0.00164666736886857	4.33385456633115e-05
"85"	"[15]N1[37]Cl1"	2.99408484999998	118.90963214	255.007850694	0	1.44407166561632e-06	-0.00364221597523395	6.01206058753546e-05
"86"	"[15]N1[37]Cl1"	2.99408484999998	255.007850694	809.448089716	0	1.44407166561632e-06	-0.000272647270972232	4.69070177638847e-05
"87"	"[15]N1[37]Cl1"	2.99408484999998	809.448089716	1630.748797106	-0.018415643494918	2.41949357777044e-05	-0.000272647270972232	4.69070177638847e-05
"119"	"[33]S1[34]S1"	2.99518395000001	0	123.947512318	0	4.28003936364732e-07	0	1.71004623924516e-05
"120"	"[33]S1[34]S1"	2.99518395000001	123.947512318	205.848074444	0	4.28003936364732e-07	-0.0107113246193089	0.000103518692326973
"121"	"[33]S1[34]S1"	2.99518395000001	205.848074444	305.88274543	0	4.28003936364732e-07	0.00187467729846507	4.23765031091775e-05
"122"	"[33]S1[34]S1"	2.99518395000001	305.88274543	1650.732304812	0	4.28003936364732e-07	0.0135773851944208	4.11769946366802e-06
"123"	"[33]S1[34]S1"	2.99518395000001	1650.732304812	3503.683361478	-0.000552310155287368	7.62588867959846e-07	0.0135773851944208	4.11769946366802e-06
"128"	"[33]S1[37]Cl1"	2.9964377	0	185.8767615	0	4.20197228379631e-06	0	5.43639393529767e-05
"129"	"[33]S1[37]Cl1"	2.9964377	185.8767615	303.914603572	0	4.20197228379631e-06	0.0101049929893137	0
"130"	"[33]S1[37]Cl1"	2.9964377	303.914603572	601.205357082	0	4.20197228379631e-06	-0.0103720984847262	6.73777805783811e-05
"22"	"[13]C1[34]S1"	2.99915097999997	0	95.988114718	0	5.04137901303181e-06	-4.33680868994202e-19	3.33803405558154e-05
"23"	"[13]C1[34]S1"	2.99915097999997	95.988114718	115.975441588	-0.000290448518948534	8.06725903788521e-06	-4.33680868994202e-19	3.33803405558154e-05
"24"	"[13]C1[34]S1"	2.99915097999997	115.975441588	155.972858578	-0.000290448518948534	8.06725903788521e-06	-0.00826006030726193	0.00010460283554407
"25"	"[13]C1[34]S1"	2.99915097999997	155.972858578	264.013483432	-0.00047912312897181	9.27692212762671e-06	-0.00826006030726193	0.00010460283554407
"26"	"[13]C1[34]S1"	2.99915097999997	264.013483432	468.951103118	-0.00047912312897181	9.27692212762671e-06	0.0033872776349004	6.04863844039438e-05
"27"	"[13]C1[34]S1"	2.99915097999997	468.951103118	538.967815822	-0.00261090362533428	1.38227702601687e-05	0.0033872776349004	6.04863844039438e-05
"28"	"[13]C1[34]S1"	2.99915097999997	538.967815822	584.02762996	-0.00555078704966453	1.92774251357043e-05	0.0033872776349004	6.04863844039438e-05
"29"	"[13]C1[34]S1"	2.99915097999997	584.02762996	748.158292942	-0.00555078704966453	1.92774251357043e-05	-0.0146662166670108	9.13984395461768e-05
"30"	"[13]C1[34]S1"	2.99915097999997	748.158292942	1091.223845864	-0.00555078704966453	1.92774251357043e-05	-0.075141121707055	0.000172230137344028
"31"	"[13]C1[34]S1"	2.99915097999997	1091.223845864	1296.04690598	-0.0150079679197822	2.7944007071173e-05	-0.075141121707055	0.000172230137344028
"32"	"[13]C1[34]S1"	2.99915097999997	1296.04690598	1668.453522408	-0.0150079679197822	2.7944007071173e-05	-0.0540158397219785	0.00015593035537811
"33"	"[13]C1[34]S1"	2.99915097999997	1668.453522408	2009.036408958	-0.0150079679197822	2.7944007071173e-05	0.052509031007645	9.20838836011315e-05
"34"	"[13]C1[34]S1"	2.99915097999997	2009.036408958	3503.683361478	-0.186526030303346	0.000113317304249258	0.052509031007645	9.20838836011315e-05
"610"	"[17]O1[34]S1"	3.00001301999998	0	193.919108484	0	1.75949153747901e-07	0	1.40621146890422e-06
"611"	"[17]O1[34]S1"	3.00001301999998	193.919108484	393.022193388	0	1.75949153747901e-07	9.00972498824159e-05	9.4159892717603e-07
"612"	"[17]O1[34]S1"	3.00001301999998	393.022193388	601.922340516	0	1.75949153747901e-07	-0.00136753150459049	4.65036850557463e-06
"613"	"[17]O1[34]S1"	3.00001301999998	601.922340516	1134.006993954	0	1.75949153747901e-07	-0.0005156685602559	3.2351312116667e-06
"614"	"[17]O1[34]S1"	3.00001301999998	1134.006993954	1549.829985432	0	1.75949153747901e-07	-0.0075743786278611	9.45970487412115e-06
"615"	"[17]O1[34]S1"	3.00001301999998	1549.829985432	2009.036408958	-0.000417562213197454	4.45373682323571e-07	-0.0075743786278611	9.45970487412115e-06
"616"	"[17]O1[34]S1"	3.00001301999998	2009.036408958	3503.683361478	-0.00190529507153686	1.18589428797602e-06	-0.0075743786278611	9.45970487412115e-06
"49"	"[13]C1[37]Cl1"	3.00040472999996	0	97.969005548	0	2.83786357673842e-05	-1.73472347597681e-18	0.000141292695279413
"50"	"[13]C1[37]Cl1"	3.00040472999996	97.969005548	145.969005548	0	2.83786357673842e-05	-0.0426625635032565	0.000576762701988361
"51"	"[13]C1[37]Cl1"	3.00040472999996	145.969005548	243.886016248	0	2.83786357673842e-05	-0.100733597510874	0.000974593966163968
"52"	"[13]C1[37]Cl1"	3.00040472999996	243.886016248	351.914688838	-0.0171004394863973	9.84951588443302e-05	-0.100733597510874	0.000974593966163968
"53"	"[13]C1[37]Cl1"	3.00040472999996	351.914688838	499.803251176	-0.0171004394863973	9.84951588443302e-05	-0.169497929966678	0.00116999454089661
"54"	"[13]C1[37]Cl1"	3.00040472999996	499.803251176	524.96185815	-0.0171004394863973	9.84951588443302e-05	0.41526914543162	0
"55"	"[13]C1[37]Cl1"	3.00040472999996	524.96185815	539.62623252	-0.083681290044996	0.000225325040910875	0.41526914543162	0
"56"	"[13]C1[37]Cl1"	3.00040472999996	539.62623252	1630.748797106	-0.083681290044996	0.000225325040910875	0.390584286969835	4.57443633651922e-05
"458"	"[17]O1[37]Cl1"	3.00126677000003	0	85.977071666	0	4.7128521201107e-07	0	4.25276584694013e-06
"459"	"[17]O1[37]Cl1"	3.00126677000003	85.977071666	161.904212402	0	4.7128521201107e-07	-4.83971906134137e-05	4.81567395343421e-06
"460"	"[17]O1[37]Cl1"	3.00126677000003	161.904212402	323.957035822	0	4.7128521201107e-07	-0.00109524450419689	1.12815175411489e-05
"461"	"[17]O1[37]Cl1"	3.00126677000003	323.957035822	396.014550698	0	4.7128521201107e-07	0.000915632208359316	5.0742848213722e-06
"462"	"[17]O1[37]Cl1"	3.00126677000003	396.014550698	463.98325057	0	4.7128521201107e-07	0.00292512283200871	0
"463"	"[17]O1[37]Cl1"	3.00126677000003	463.98325057	517.224453024	0	4.7128521201107e-07	0.00184261284154089	2.3330798884183e-06
"464"	"[17]O1[37]Cl1"	3.00126677000003	517.224453024	986.383356136	-0.000548814518050942	1.5323613363943e-06	0.00184261284154089	2.3330798884183e-06
"465"	"[17]O1[37]Cl1"	3.00126677000003	986.383356136	1630.748797106	-0.000548814518050942	1.5323613363943e-06	0.000493346416874534	3.70097241851116e-06
"379"	"[2]H1[37]Cl1"	3.003326636	0	97.969005548	0	7.48591715857294e-07	0	3.00498095516333e-06
"380"	"[2]H1[37]Cl1"	3.003326636	97.969005548	155.026854782	0	7.48591715857294e-07	-0.000590194493548728	9.02927905074379e-06
"381"	"[2]H1[37]Cl1"	3.003326636	155.026854782	294.948824872	0	7.48591715857294e-07	0.000143153494511821	4.29882129172011e-06
"382"	"[2]H1[37]Cl1"	3.003326636	294.948824872	351.914688838	-0.00020389877558208	1.4398939296246e-06	0.000143153494511821	4.29882129172011e-06
"383"	"[2]H1[37]Cl1"	3.003326636	351.914688838	524.96185815	-0.00020389877558208	1.4398939296246e-06	-0.00211292386565895	1.07096857191761e-05
"384"	"[2]H1[37]Cl1"	3.003326636	524.96185815	527.154947784	-0.00098538292622173	2.92854332101782e-06	-0.00211292386565895	1.07096857191761e-05
"385"	"[2]H1[37]Cl1"	3.003326636	527.154947784	986.383356136	-0.00098538292622173	2.92854332101782e-06	0.00184303853112038	3.20532212852973e-06
"386"	"[2]H1[37]Cl1"	3.003326636	986.383356136	1630.748797106	-0.00098538292622173	2.92854332101782e-06	0.00390249272806678	1.1174379563819e-06
"644"	"[18]O1[33]S1"	3.00363358999999	0	193.919108484	0	1.6750577330489e-07	0	1.33873073278033e-06
"645"	"[18]O1[33]S1"	3.00363358999999	193.919108484	393.022193388	0	1.6750577330489e-07	8.57736976434766e-05	8.96413839339409e-07
"646"	"[18]O1[33]S1"	3.00363358999999	393.022193388	601.922340516	0	1.6750577330489e-07	-0.00130190692774482	4.4272084070099e-06
"647"	"[18]O1[33]S1"	3.00363358999999	601.922340516	1134.006993954	0	1.6750577330489e-07	-0.000490922855351979	3.07988497705112e-06
"648"	"[18]O1[33]S1"	3.00363358999999	1134.006993954	1549.829985432	0	1.6750577330489e-07	-0.00721090225407831	9.00575618821131e-06
"649"	"[18]O1[33]S1"	3.00363358999999	1549.829985432	2009.036408958	-0.000397524398013056	4.24001261035598e-07	-0.00721090225407831	9.00575618821131e-06
"650"	"[18]O1[33]S1"	3.00363358999999	2009.036408958	3503.683361478	-0.00181386450308849	1.12898604815055e-06	-0.00721090225407831	9.00575618821131e-06
"598"	"[13]C2[15]N1"	3.00374464000015	0	310.121846488	0	2.22656291504614e-07	-5.42101086242752e-20	1.04731631273637e-06
"599"	"[13]C2[15]N1"	3.00374464000015	310.121846488	416.243692976	0	2.22656291504614e-07	-0.00125380133440024	5.09024765923458e-06
"600"	"[13]C2[15]N1"	3.00374464000015	416.243692976	779.269536838	0	2.22656291504614e-07	-0.00400249191264165	1.16938085650809e-05
"601"	"[13]C2[15]N1"	3.00374464000015	779.269536838	1058.577382728	-5.55601536131105e-05	2.93954027379873e-07	-0.00400249191264165	1.16938085650809e-05
"602"	"[13]C2[15]N1"	3.00374464000015	1058.577382728	1134.006993954	-5.55601536131105e-05	2.93954027379873e-07	-0.0289576707115967	3.52680688942072e-05
"603"	"[13]C2[15]N1"	3.00374464000015	1134.006993954	1474.912296002	-0.000690324051444037	8.53707098758792e-07	-0.0289576707115967	3.52680688942072e-05
"604"	"[13]C2[15]N1"	3.00374464000015	1474.912296002	1506.951330946	-0.000690324051444037	8.53707098758792e-07	-0.0228016025563874	3.10942151865011e-05
"605"	"[13]C2[15]N1"	3.00374464000015	1506.951330946	1691.544218622	-0.0020204580786436	1.73637264998437e-06	-0.0228016025563874	3.10942151865011e-05
"606"	"[13]C2[15]N1"	3.00374464000015	1691.544218622	2009.036408958	-0.00888092794877313	5.79211638674482e-06	-0.0228016025563874	3.10942151865011e-05
"607"	"[13]C2[15]N1"	3.00374464000015	2009.036408958	3457.70028228	-0.00888092794877313	5.79211638674482e-06	-0.218865342983319	0.000128685149602977
"608"	"[13]C2[15]N1"	3.00374464000015	3457.70028228	4290.824850754	-0.0776135426494929	2.56702460942155e-05	-0.218865342983319	0.000128685149602977
"609"	"[13]C2[15]N1"	3.00374464000015	4290.824850754	5224.168615172	-0.166127446808915	4.62988914568591e-05	-0.218865342983319	0.000128685149602977
"667"	"[13]C2[33]S1"	3.00609749	0	246.053691908	0	2.528445603778e-07	0	6.83181999670608e-07
"668"	"[13]C2[33]S1"	3.00609749	246.053691908	402.33539306	0	2.528445603778e-07	-0.000369945290214884	2.18669648606656e-06
"669"	"[13]C2[33]S1"	3.00609749	402.33539306	748.158292942	0	2.528445603778e-07	-0.00104396912802653	3.86197499608104e-06
"670"	"[13]C2[33]S1"	3.00609749	748.158292942	767.115208342	0	2.528445603778e-07	-0.00528310267361178	9.52806676513115e-06
"671"	"[13]C2[33]S1"	3.00609749	767.115208342	795.110122962	-0.000337529772294767	6.92843361893266e-07	-0.00528310267361178	9.52806676513115e-06
"672"	"[13]C2[33]S1"	3.00609749	795.110122962	853.115602266	-0.000356368542897747	7.16536646708708e-07	-0.00528310267361178	9.52806676513115e-06
"673"	"[13]C2[33]S1"	3.00609749	853.115602266	883.12616695	-0.000375224046653432	7.38638579560015e-07	-0.00528310267361178	9.52806676513115e-06
"674"	"[13]C2[33]S1"	3.00609749	883.12616695	1091.223845864	-0.000491169945122896	8.6992887851005e-07	-0.00528310267361178	9.52806676513115e-06
"675"	"[13]C2[33]S1"	3.00609749	1091.223845864	1296.04690598	-0.00291754225115445	3.09346194665925e-06	-0.00528310267361178	9.52806676513115e-06
"676"	"[13]C2[33]S1"	3.00609749	1296.04690598	1668.453522408	-0.00291754225115445	3.09346194665925e-06	-0.0162707352071593	1.80058714517133e-05
"677"	"[13]C2[33]S1"	3.00609749	1668.453522408	2009.036408958	-0.00291754225115445	3.09346194665925e-06	-0.0230987925918514	2.20983183152241e-05
"678"	"[13]C2[33]S1"	3.00609749	2009.036408958	3503.683361478	-0.0311540813704818	1.71482291939947e-05	-0.0230987925918514	2.20983183152241e-05
"274"	"[13]C1[18]O1"	3.00760061999998	0	192.039104484	0	6.94428966041443e-07	0	5.15500218108459e-06
"275"	"[13]C1[18]O1"	3.00760061999998	192.039104484	194.021523292	-8.0087605951343e-05	1.11146697591206e-06	0	5.15500218108459e-06
"276"	"[13]C1[18]O1"	3.00760061999998	194.021523292	212.036327322	-8.0087605951343e-05	1.11146697591206e-06	-0.00284505243872057	1.98185940880443e-05
"277"	"[13]C1[18]O1"	3.00760061999998	212.036327322	426.981272906	-8.55966080393694e-05	1.13744838276628e-06	-0.00284505243872057	1.98185940880443e-05
"278"	"[13]C1[18]O1"	3.00760061999998	426.981272906	564.111520068	-0.000415392580029545	1.90983816404547e-06	-0.00284505243872057	1.98185940880443e-05
"279"	"[13]C1[18]O1"	3.00760061999998	564.111520068	1188.056368736	-0.000415392580029545	1.90983816404547e-06	-0.0188535026633626	4.81967598498645e-05
"280"	"[13]C1[18]O1"	3.00760061999998	1188.056368736	1381.278219868	-0.000415392580029545	1.90983816404547e-06	-0.0597685949186654	8.2635439134782e-05
"281"	"[13]C1[18]O1"	3.00760061999998	1381.278219868	1870.158111968	-0.0853175787558118	6.33762284643977e-05	-0.0597685949186654	8.2635439134782e-05
"282"	"[13]C1[18]O1"	3.00760061999998	1870.158111968	2654.234034376	-0.0853175787558118	6.33762284643977e-05	-0.134245567338136	0.000122459329929287
"283"	"[13]C1[18]O1"	3.00760061999998	2654.234034376	3318.563277864	-0.0853175787558118	6.33762284643977e-05	-0.136910275966069	0.00012346327630079
"284"	"[13]C1[18]O1"	3.00760061999998	3318.563277864	3503.683361478	-0.176220113476782	9.07683638885804e-05	-0.136910275966069	0.00012346327630079
"285"	"[13]C1[18]O1"	3.00760061999998	3503.683361478	4290.824850754	-0.772773968169592	0.000261033137598371	-0.136910275966069	0.00012346327630079
"286"	"[13]C1[18]O1"	3.00760061999998	4290.824850754	5224.168615172	-0.772773968169592	0.000261033137598371	-0.916025479497487	0.000305040299514522
"287"	"[13]C1[18]O1"	3.00760061999998	5224.168615172	6176.01785464401	-1.47824451849731	0.000396072911827498	-0.916025479497487	0.000305040299514522
"318"	"[13]C3"	3.01006451999996	0	249.151749618	0	2.22319014489828e-07	0	4.14374978594074e-06
"319"	"[13]C3"	3.01006451999996	249.151749618	252.093900384	0	2.22319014489828e-07	-0.0336821109965507	0.000139330883924843
"320"	"[13]C3"	3.01006451999996	252.093900384	682.923320476	0	2.22319014489828e-07	-0.0241734645832193	0.000101612214814454
"321"	"[13]C3"	3.01006451999996	682.923320476	1155.913586264	-0.00171149218376613	2.72844544545314e-06	-0.0241734645832193	0.000101612214814454
"322"	"[13]C3"	3.01006451999996	1155.913586264	1185.158892584	-0.0125352055965336	1.20922192961875e-05	-0.0241734645832193	0.000101612214814454
"323"	"[13]C3"	3.01006451999996	1185.158892584	1381.278219868	-0.0125352055965336	1.20922192961875e-05	-0.558411663350617	0.000552385695155642
"324"	"[13]C3"	3.01006451999996	1381.278219868	1506.951330946	-0.0125352055965336	1.20922192961875e-05	-0.183970468884222	0.000281302585988701
"325"	"[13]C3"	3.01006451999996	1506.951330946	2124.697269144	-0.215242668259247	0.000146607155843914	-0.183970468884222	0.000281302585988701
"326"	"[13]C3"	3.01006451999996	2124.697269144	2286.750092564	-0.222379226799514	0.000149966014841809	-0.183970468884222	0.000281302585988701
"327"	"[13]C3"	3.01006451999996	2286.750092564	2448.802915984	-0.275726226871514	0.000173294755592918	-0.183970468884222	0.000281302585988701
"328"	"[13]C3"	3.01006451999996	2448.802915984	2610.855739404	-0.336983413204074	0.000198309911338086	-0.183970468884222	0.000281302585988701
"329"	"[13]C3"	3.01006451999996	2610.855739404	2772.908562824	-0.406697362419671	0.000225011482077306	-0.183970468884222	0.000281302585988701
"330"	"[13]C3"	3.01006451999996	2772.908562824	2934.961386244	-0.48541465114081	0.000253399467810587	-0.183970468884222	0.000281302585988701
"331"	"[13]C3"	3.01006451999996	2934.961386244	3097.014209664	-0.573681855989963	0.000283473868537921	-0.183970468884222	0.000281302585988701
"332"	"[13]C3"	3.01006451999996	3097.014209664	3133.59463544	-1.78824612382641	0.000675646517938913	-0.183970468884222	0.000281302585988701
"333"	"[13]C3"	3.01006451999996	3133.59463544	3457.70028228	-1.78824612382641	0.000675646517938913	-1.06668705541884	0.000562997153802727
"334"	"[13]C3"	3.01006451999996	3457.70028228	4290.824850754	-1.78824612382641	0.000675646517938913	-1.21999802031393	0.000607336151511918
"335"	"[13]C3"	3.01006451999996	4290.824850754	5224.168615172	-1.97480240221846	0.000719124470286295	-1.21999802031393	0.000607336151511918
"336"	"[13]C3"	3.01006451999996	5224.168615172	6176.01785464401	-1.97480240221846	0.000719124470286295	-0.86655486787592	0.000539680763932823
"505"	"[13]C2[17]O1"	3.01092656000014	0	601.99688424	0	1.79166362299683e-07	0	4.4768164925147e-07
"506"	"[13]C2[17]O1"	3.01092656000014	601.99688424	756.081934354	0	1.79166362299683e-07	-0.0010243413175589	2.14925410647788e-06
"507"	"[13]C2[17]O1"	3.01092656000014	756.081934354	928.169822792	-0.000104688709218684	3.17628484540615e-07	-0.0010243413175589	2.14925410647788e-06
"508"	"[13]C2[17]O1"	3.01092656000014	928.169822792	1155.913586264	-0.000104688709218684	3.17628484540615e-07	-0.00399365031669987	5.34835509664914e-06
"509"	"[13]C2[17]O1"	3.01092656000014	1155.913586264	1440.31694052	-0.00221656603070167	2.14464855470756e-06	-0.00399365031669987	5.34835509664914e-06
"510"	"[13]C2[17]O1"	3.01092656000014	1440.31694052	1506.951330946	-0.00221656603070167	2.14464855470756e-06	-0.010828490771416	1.00937276340634e-05
"511"	"[13]C2[17]O1"	3.01092656000014	1506.951330946	1668.453522408	-0.00810916549867314	6.05492710648558e-06	-0.010828490771416	1.00937276340634e-05
"512"	"[13]C2[17]O1"	3.01092656000014	1668.453522408	2009.036408958	-0.0100632132507914	7.22610012741464e-06	-0.010828490771416	1.00937276340634e-05
"513"	"[13]C2[17]O1"	3.01092656000014	2009.036408958	2164.99265074	-0.0169711516937791	1.06645338024771e-05	-0.010828490771416	1.00937276340634e-05
"514"	"[13]C2[17]O1"	3.01092656000014	2164.99265074	2654.234034376	-0.0169711516937791	1.06645338024771e-05	-0.0375196936440642	2.2422269656377e-05
"515"	"[13]C2[17]O1"	3.01092656000014	2654.234034376	3318.563277864	-0.0169711516937791	1.06645338024771e-05	-0.0534648510262589	2.84297117943659e-05
"516"	"[13]C2[17]O1"	3.01092656000014	3318.563277864	3503.683361478	-0.0183226944989668	1.10718012528834e-05	-0.0534648510262589	2.84297117943659e-05
"517"	"[13]C2[17]O1"	3.01092656000014	3503.683361478	4290.824850754	-0.191164810373145	6.04033469554798e-05	-0.0534648510262589	2.84297117943659e-05
"518"	"[13]C2[17]O1"	3.01092656000014	4290.824850754	5224.168615172	-0.191164810373145	6.04033469554798e-05	-0.276820727746568	8.04840100911283e-05
"519"	"[13]C2[17]O1"	3.01092656000014	5224.168615172	6176.01785464401	-0.40171577766192	0.000100706595720708	-0.276820727746568	8.04840100911283e-05
"492"	"[2]H1[13]C2"	3.01298642600011	0	422.485151984	0	1.77009212377705e-07	0	8.58872742941084e-07
"493"	"[2]H1[13]C2"	3.01298642600011	422.485151984	772.746117692	0	1.77009212377705e-07	-0.00151299415946924	4.44004986209943e-06
"494"	"[2]H1[13]C2"	3.01298642600011	772.746117692	839.13633771	0	1.77009212377705e-07	-0.00951586716745634	1.47964564809896e-05
"495"	"[2]H1[13]C2"	3.01298642600011	839.13633771	1381.278219868	-8.14685257369688e-05	2.74095373560161e-07	-0.00951586716745634	1.47964564809896e-05
"496"	"[2]H1[13]C2"	3.01298642600011	1381.278219868	1506.951330946	-8.14685257369688e-05	2.74095373560161e-07	0.00110619426070133	7.10643337386151e-06
"497"	"[2]H1[13]C2"	3.01298642600011	1506.951330946	1870.158111968	-0.00830345379145799	5.7301343954439e-06	0.00110619426070133	7.10643337386151e-06
"498"	"[2]H1[13]C2"	3.01298642600011	1870.158111968	2161.27769492	-0.00852775906061083	5.85007359615502e-06	0.00110619426070133	7.10643337386151e-06
"499"	"[2]H1[13]C2"	3.01298642600011	2161.27769492	2654.234034376	-0.00852775906061083	5.85007359615502e-06	-0.0327419849198985	2.27676227065228e-05
"500"	"[2]H1[13]C2"	3.01298642600011	2654.234034376	3097.014209664	-0.0507797204531514	2.1768775882886e-05	-0.0327419849198985	2.27676227065228e-05
"501"	"[2]H1[13]C2"	3.01298642600011	3097.014209664	3295.64745886	-0.100404219097519	3.77921116782202e-05	-0.0327419849198985	2.27676227065228e-05
"502"	"[2]H1[13]C2"	3.01298642600011	3295.64745886	3457.70028228	-0.100404219097519	3.77921116782202e-05	-0.0610449530522622	3.13556068540001e-05
"503"	"[2]H1[13]C2"	3.01298642600011	3457.70028228	5224.168615172	-0.100404219097519	3.77921116782202e-05	-0.0792793922067937	3.66291810987024e-05
"504"	"[2]H1[13]C2"	3.01298642600011	5224.168615172	6176.01785464401	-0.100404219097519	3.77921116782202e-05	-0.00275654305968218	2.19813290127505e-05
"152"	"[34]S2"	3.99159228000002	0	123.947512318	0	1.21267781970007e-06	0	4.84513101119461e-05
"153"	"[34]S2"	3.99159228000002	123.947512318	205.848074444	0	1.21267781970007e-06	-0.0303487530880418	0.000293302961593091
"154"	"[34]S2"	3.99159228000002	205.848074444	305.88274543	0	1.21267781970007e-06	0.0053115856789844	0.000120066758809336
"155"	"[34]S2"	3.99159228000002	305.88274543	1650.732304812	0	1.21267781970007e-06	0.0384692580508589	1.16668151470594e-05
"156"	"[34]S2"	3.99159228000002	1650.732304812	3503.683361478	-0.00156487877331421	2.16066845921956e-06	0.0384692580508589	1.16668151470594e-05
"141"	"[34]S1[37]Cl1"	3.99284603000001	0	185.8767615	0	2.38111762748458e-05	0	0.000308062323000202
"142"	"[34]S1[37]Cl1"	3.99284603000001	185.8767615	303.914603572	0	2.38111762748458e-05	0.0572616269394444	0
"143"	"[34]S1[37]Cl1"	3.99284603000001	303.914603572	601.205357082	0	2.38111762748458e-05	-0.0587752247467818	0.000381807423277493
"168"	"[37]Cl2"	3.99409977999994	0	83.953355484	1.38777878078145e-17	7.07273960872197e-05	0	0.00121940294654049
"169"	"[37]Cl2"	3.99409977999994	83.953355484	97.969005548	1.38777878078145e-17	7.07273960872197e-05	0.102372969049151	9.90163691619296e-19
"170"	"[37]Cl2"	3.99409977999994	97.969005548	117.914383162	1.38777878078145e-17	7.07273960872197e-05	-0.903311472412785	0.0102653327533186
"171"	"[37]Cl2"	3.99409977999994	117.914383162	151.87541084	1.38777878078145e-17	7.07273960872197e-05	-0.759213267397983	0.00904327484018998
"172"	"[37]Cl2"	3.99409977999994	151.87541084	261.80803088	1.38777878078145e-17	7.07273960872197e-05	-0.658645798852296	0.00838110399904154
"173"	"[37]Cl2"	3.99409977999994	261.80803088	485.68344172	1.38777878078145e-17	7.07273960872197e-05	-2.05596543168395	0.013718295635734
"174"	"[37]Cl2"	3.99409977999994	485.68344172	1447.43019979	1.38777878078145e-17	7.07273960872197e-05	-14.7496115551353	0.0398539326228588
"398"	"[13]C1[15]N1[37]Cl1"	3.99743968999996	0	129.009374868	0	5.3903733126003e-07	0	1.17596255464888e-06
"399"	"[13]C1[15]N1[37]Cl1"	3.99743968999996	129.009374868	244.02825178	0	5.3903733126003e-07	-0.000699108289848568	6.59501284121823e-06
"400"	"[13]C1[15]N1[37]Cl1"	3.99743968999996	244.02825178	255.007850694	0	5.3903733126003e-07	-0.00414751558873398	2.07261934472829e-05
"401"	"[13]C1[15]N1[37]Cl1"	3.99743968999996	255.007850694	469.07757356	0	5.3903733126003e-07	-0.00339026496236494	1.7756674570479e-05
"402"	"[13]C1[15]N1[37]Cl1"	3.99743968999996	469.07757356	504.20319648	-0.00014788173806653	8.54298060832329e-07	-0.00339026496236494	1.7756674570479e-05
"403"	"[13]C1[15]N1[37]Cl1"	3.99743968999996	504.20319648	704.239307196	-0.00014788173806653	8.54298060832329e-07	0.00173875930362788	7.58414035847844e-06
"404"	"[13]C1[15]N1[37]Cl1"	3.99743968999996	704.239307196	720.234221816	-0.00014788173806653	8.54298060832329e-07	0.00707980905535992	5.42273440399522e-20
"405"	"[13]C1[15]N1[37]Cl1"	3.99743968999996	720.234221816	809.448089716	-0.00014788173806653	8.54298060832329e-07	-0.00100621156169546	1.12269319786934e-05
"406"	"[13]C1[15]N1[37]Cl1"	3.99743968999996	809.448089716	1429.669818504	-0.0173116455858572	2.20585779471592e-05	-0.00100621156169546	1.12269319786934e-05
"407"	"[13]C1[15]N1[37]Cl1"	3.99743968999996	1429.669818504	1630.748797106	-0.0173116455858572	2.20585779471592e-05	-0.0106634257718896	1.79817882995042e-05
"13"	"[13]C1[33]S1[37]Cl1"	3.99979253999999	0	185.8767615	0	6.01589939462389e-07	0	1.76395679089311e-06
"14"	"[13]C1[33]S1[37]Cl1"	3.99979253999999	185.8767615	257.90758326	0	6.01589939462389e-07	-0.00030669360807591	3.41394039078443e-06
"15"	"[13]C1[33]S1[37]Cl1"	3.99979253999999	257.90758326	267.978334078	0	6.01589939462389e-07	-0.00152541970639004	8.13937763039251e-06
"16"	"[13]C1[33]S1[37]Cl1"	3.99979253999999	267.978334078	317.928359428	0	6.01589939462389e-07	-0.000928471262000634	5.9117779759531e-06
"17"	"[13]C1[33]S1[37]Cl1"	3.99979253999999	317.928359428	378.902180356	-0.000257619577402519	1.41189694656932e-06	-0.000928471262000634	5.9117779759531e-06
"18"	"[13]C1[33]S1[37]Cl1"	3.99979253999999	378.902180356	410.017802424	-0.000257619577402519	1.41189694656932e-06	-0.00168297606019757	7.90306975867137e-06
"19"	"[13]C1[33]S1[37]Cl1"	3.99979253999999	410.017802424	434.04114532	-0.000257619577402519	1.41189694656932e-06	0.000263737141390892	3.15519493450613e-06
"20"	"[13]C1[33]S1[37]Cl1"	3.99979253999999	434.04114532	435.99706698	-0.00120557957279875	3.59592951034237e-06	0.000263737141390892	3.15519493450613e-06
"21"	"[13]C1[33]S1[37]Cl1"	3.99979253999999	435.99706698	601.205357082	-0.00120557957279875	3.59592951034237e-06	0.000958224872787473	1.56232244981935e-06
"348"	"[18]O1[34]S1"	4.00004191999994	0	129.939450004	0	3.77471104027697e-07	0	5.6607045220926e-06
"349"	"[18]O1[34]S1"	4.00004191999994	129.939450004	193.919108484	0	3.77471104027697e-07	-0.000758313638782015	1.14966045413606e-05
"350"	"[18]O1[34]S1"	4.00004191999994	193.919108484	487.155721582	0	3.77471104027697e-07	-0.00150048241642022	1.53238126150788e-05
"351"	"[18]O1[34]S1"	4.00004191999994	487.155721582	585.210442462	-0.000272907246750078	9.37676464777301e-07	-0.00150048241642022	1.53238126150788e-05
"352"	"[18]O1[34]S1"	4.00004191999994	585.210442462	601.922340516	-0.000430736572204413	1.20737316531863e-06	-0.00150048241642022	1.53238126150788e-05
"353"	"[18]O1[34]S1"	4.00004191999994	601.922340516	1134.006993954	-0.000430736572204413	1.20737316531863e-06	-0.00278189618032788	1.7452681536623e-05
"354"	"[18]O1[34]S1"	4.00004191999994	1134.006993954	1346.728146106	-0.000430736572204413	1.20737316531863e-06	-0.040861779439777	5.10326183998641e-05
"355"	"[18]O1[34]S1"	4.00004191999994	1346.728146106	1549.829985432	-0.000633712734584138	1.358091157637e-06	-0.040861779439777	5.10326183998641e-05
"356"	"[18]O1[34]S1"	4.00004191999994	1549.829985432	2009.036408958	-0.00225263825540732	2.40267381253506e-06	-0.040861779439777	5.10326183998641e-05
"357"	"[18]O1[34]S1"	4.00004191999994	2009.036408958	3503.683361478	-0.0102785655175015	6.39758760618644e-06	-0.040861779439777	5.10326183998641e-05
"104"	"[18]O1[37]Cl1"	4.00129567	0	66.95868195	0	1.55748473678542e-06	0	1.96393102058872e-05
"105"	"[18]O1[37]Cl1"	4.00129567	66.95868195	85.977071666	0	1.55748473678542e-06	-0.000999899257601006	3.45723887624164e-05
"106"	"[18]O1[37]Cl1"	4.00129567	85.977071666	323.957035822	0	1.55748473678542e-06	-0.00230327150326768	4.97319216519518e-05
"107"	"[18]O1[37]Cl1"	4.00129567	323.957035822	396.014550698	0	1.55748473678542e-06	0.00493959480825419	2.73744312731922e-05
"108"	"[18]O1[37]Cl1"	4.00129567	396.014550698	422.162187126	0	1.55748473678542e-06	0.0157802679095207	0
"109"	"[18]O1[37]Cl1"	4.00129567	422.162187126	463.98325057	-0.00226243133969484	6.91663676102768e-06	0.0157802679095207	0
"110"	"[18]O1[37]Cl1"	4.00129567	463.98325057	517.224453024	-0.00226243133969484	6.91663676102768e-06	0.00994041138199693	1.2586352029625e-05
"111"	"[18]O1[37]Cl1"	4.00129567	517.224453024	986.383356136	-0.00296070990001166	8.26668615686399e-06	0.00994041138199693	1.2586352029625e-05
"112"	"[18]O1[37]Cl1"	4.00129567	986.383356136	1630.748797106	-0.00296070990001166	8.26668615686399e-06	0.00266147409103368	1.99657722577576e-05
"433"	"[13]C2[34]S1"	4.00250582000001	0	200.069341972	0	3.12502178441916e-07	-5.42101086242752e-20	2.35442329066628e-06
"434"	"[13]C2[34]S1"	4.00250582000001	200.069341972	228.006741716	0	3.12502178441916e-07	-0.00200273209797435	1.23646131490137e-05
"435"	"[13]C2[34]S1"	4.00250582000001	228.006741716	468.951103118	0	3.12502178441916e-07	-0.00340952183746407	1.85345611466127e-05
"436"	"[13]C2[34]S1"	4.00250582000001	468.951103118	538.967815822	-0.000449384636224799	1.27077828278818e-06	-0.00340952183746407	1.85345611466127e-05
"437"	"[13]C2[34]S1"	4.00250582000001	538.967815822	687.038384004	-0.00149811261771947	3.21658645668668e-06	-0.00340952183746407	1.85345611466127e-05
"438"	"[13]C2[34]S1"	4.00250582000001	687.038384004	748.158292942	-0.00229563370918431	4.37739655119255e-06	-0.00340952183746407	1.85345611466127e-05
"439"	"[13]C2[34]S1"	4.00250582000001	748.158292942	883.12616695	-0.00229563370918431	4.37739655119255e-06	-0.0022524816260868	1.6988043220804e-05
"440"	"[13]C2[34]S1"	4.00250582000001	883.12616695	1081.51291653	-0.00278329635569641	4.92959697822362e-06	-0.0022524816260868	1.6988043220804e-05
"441"	"[13]C2[34]S1"	4.00250582000001	1081.51291653	1091.223845864	-0.00278329635569641	4.92959697822362e-06	-0.104459444074808	0.000111491734195341
"442"	"[13]C2[34]S1"	4.00250582000001	1091.223845864	1296.04690598	-0.0165327394232085	1.75296176977358e-05	-0.104459444074808	0.000111491734195341
"443"	"[13]C2[34]S1"	4.00250582000001	1296.04690598	1668.453522408	-0.0165327394232085	1.75296176977358e-05	-0.0922008328405695	0.000102033271559709
"444"	"[13]C2[34]S1"	4.00250582000001	1668.453522408	2009.036408958	-0.0165327394232085	1.75296176977358e-05	-0.130893158020492	0.00012522380378627
"445"	"[13]C2[34]S1"	4.00250582000001	2009.036408958	3503.683361478	-0.17653979443273	9.717329876597e-05	-0.130893158020492	0.00012522380378627
"337"	"[13]C2[37]Cl1"	4.00375956999994	0	126.023627934	0	1.20817637694412e-06	0	6.23693910277485e-06
"338"	"[13]C2[37]Cl1"	4.00375956999994	126.023627934	185.8767615	0	1.20817637694412e-06	-0.00220101420398497	2.37020306897086e-05
"339"	"[13]C2[37]Cl1"	4.00375956999994	185.8767615	216.034192618	-0.000565700610577352	4.25159399414503e-06	-0.00220101420398497	2.37020306897086e-05
"340"	"[13]C2[37]Cl1"	4.00375956999994	216.034192618	317.928359428	-0.000565700610577352	4.25159399414503e-06	-0.0197706209256971	0.000105029928411804
"341"	"[13]C2[37]Cl1"	4.00375956999994	317.928359428	317.95366116	-0.000593442311662097	4.33885170570828e-06	-0.0197706209256971	0.000105029928411804
"342"	"[13]C2[37]Cl1"	4.00375956999994	317.95366116	524.96185815	-0.000593442311662097	4.33885170570828e-06	-0.0399054832630834	0.000168356333473245
"343"	"[13]C2[37]Cl1"	4.00375956999994	524.96185815	527.154947784	-0.0419682650797619	8.31537639241072e-05	-0.0399054832630834	0.000168356333473245
"344"	"[13]C2[37]Cl1"	4.00375956999994	527.154947784	788.27839865	-0.0419682650797619	8.31537639241072e-05	0.00798477832379804	7.75096824303254e-05
"345"	"[13]C2[37]Cl1"	4.00375956999994	788.27839865	986.383356136	-0.0585304851755396	0.000104164386724557	0.00798477832379804	7.75096824303254e-05
"346"	"[13]C2[37]Cl1"	4.00375956999994	986.383356136	1429.669818504	-0.0585304851755396	0.000104164386724557	-0.0784364818863918	0.000165123954987327
"347"	"[13]C2[37]Cl1"	4.00375956999994	1429.669818504	1630.748797106	-0.150712166085972	0.000168641988277964	-0.0784364818863918	0.000165123954987327
"408"	"[13]C2[18]O1"	4.01095545999993	0	384.048131964	0	2.36172783318242e-07	-5.42101086242752e-20	9.63329768664665e-07
"409"	"[13]C2[18]O1"	4.01095545999993	384.048131964	513.006309776	0	2.36172783318242e-07	-0.00213203780862448	6.51481571841103e-06
"410"	"[13]C2[18]O1"	4.01095545999993	513.006309776	666.928405856	-0.000160064895091657	5.48186284987545e-07	-0.00213203780862448	6.51481571841103e-06
"411"	"[13]C2[18]O1"	4.01095545999993	666.928405856	682.923320476	-0.000245521299147242	6.76320584419434e-07	-0.00213203780862448	6.51481571841103e-06
"412"	"[13]C2[18]O1"	4.01095545999993	682.923320476	746.142426272	-0.000647358148998634	1.26472756629159e-06	-0.00213203780862448	6.51481571841103e-06
"413"	"[13]C2[18]O1"	4.01095545999993	746.142426272	970.886968268	-0.000647358148998634	1.26472756629159e-06	-0.0137719780292073	2.21149743620365e-05
"414"	"[13]C2[18]O1"	4.01095545999993	970.886968268	1322.2386902	-0.000861136232463808	1.48491600269273e-06	-0.0137719780292073	2.21149743620365e-05
"415"	"[13]C2[18]O1"	4.01095545999993	1322.2386902	1381.278219868	-0.000861136232463808	1.48491600269273e-06	-0.0535710848268177	5.22147642808978e-05
"416"	"[13]C2[18]O1"	4.01095545999993	1381.278219868	1668.453522408	-0.044806139702252	3.32996531336291e-05	-0.0535710848268177	5.22147642808978e-05
"417"	"[13]C2[18]O1"	4.01095545999993	1668.453522408	2009.036408958	-0.0542883872740065	3.89829085821053e-05	-0.0535710848268177	5.22147642808978e-05
"418"	"[13]C2[18]O1"	4.01095545999993	2009.036408958	2164.99265074	-0.0915548972953874	5.75323534080999e-05	-0.0535710848268177	5.22147642808978e-05
"419"	"[13]C2[18]O1"	4.01095545999993	2164.99265074	2654.234034376	-0.0915548972953874	5.75323534080999e-05	-0.202408873606136	0.000120962244198876
"420"	"[13]C2[18]O1"	4.01095545999993	2654.234034376	3318.563277864	-0.0915548972953874	5.75323534080999e-05	-0.288428801589028	0.0001533708136275
"421"	"[13]C2[18]O1"	4.01095545999993	3318.563277864	3503.683361478	-0.0988461150602154	5.97294541273971e-05	-0.288428801589028	0.0001533708136275
"422"	"[13]C2[18]O1"	4.01095545999993	3503.683361478	4290.824850754	-1.03128384543407	0.000325860161207194	-0.288428801589028	0.0001533708136275
"423"	"[13]C2[18]O1"	4.01095545999993	4290.824850754	5224.168615172	-1.03128384543407	0.000325860161207194	-1.4933749786328	0.000434190054438981
"424"	"[13]C2[18]O1"	4.01095545999993	5224.168615172	6176.01785464401	-2.16715090580773	0.000543285582177504	-1.4933749786328	0.000434190054438981
"466"	"[13]C4"	4.01341936000017	0	410.3912516	-2.71050543121376e-20	1.80404985046712e-07	0	9.13807643957064e-07
"467"	"[13]C4"	4.01341936000017	410.3912516	766.6991675	-2.71050543121376e-20	1.80404985046712e-07	-0.00456855476982944	1.20460010131333e-05
"468"	"[13]C4"	4.01341936000017	766.6991675	1134.006993954	-2.71050543121376e-20	1.80404985046712e-07	-0.0273370377354062	4.17427633558115e-05
"469"	"[13]C4"	4.01341936000017	1134.006993954	1351.046972646	-0.000482604006569405	6.05979085684915e-07	-0.0273370377354062	4.17427633558115e-05
"470"	"[13]C4"	4.01341936000017	1351.046972646	1381.278219868	-0.000482604006569405	6.05979085684915e-07	-1.07031958386506	0.000813723728671173
"471"	"[13]C4"	4.01341936000017	1381.278219868	1506.951330946	-0.000482604006569405	6.05979085684915e-07	-0.14201204228082	0.000141659601233505
"472"	"[13]C4"	4.01341936000017	1506.951330946	1962.644445724	-0.044701626732133	2.99493439426008e-05	-0.14201204228082	0.000141659601233505
"473"	"[13]C4"	4.01341936000017	1962.644445724	2124.697269144	-0.0518228196192522	3.35777102025386e-05	-0.14201204228082	0.000141659601233505
"474"	"[13]C4"	4.01341936000017	2124.697269144	2286.750092564	-0.0707407249643708	4.24815223454988e-05	-0.14201204228082	0.000141659601233505
"475"	"[13]C4"	4.01341936000017	2286.750092564	2448.802915984	-0.0944174535784001	5.28353990944364e-05	-0.14201204228082	0.000141659601233505
"476"	"[13]C4"	4.01341936000017	2448.802915984	2610.855739404	-0.123590973734497	6.47487792875393e-05	-0.14201204228082	0.000141659601233505
"477"	"[13]C4"	4.01341936000017	2610.855739404	2772.908562824	-0.159052458323972	7.83311017629933e-05	-0.14201204228082	0.000141659601233505
"478"	"[13]C4"	4.01341936000017	2772.908562824	2934.961386244	-0.201646284856304	9.36918053589872e-05	-0.14201204228082	0.000141659601233505
"479"	"[13]C4"	4.01341936000017	2934.961386244	3097.014209664	-0.252270035459125	0.000110940328913706	-0.14201204228082	0.000141659601233505
"480"	"[13]C4"	4.01341936000017	3097.014209664	3295.64745886	-1.01203428438838	0.000356261853935604	-0.14201204228082	0.000141659601233505
"481"	"[13]C4"	4.01341936000017	3295.64745886	3457.70028228	-1.01203428438838	0.000356261853935604	-0.762790398367571	0.00033002269644803
"482"	"[13]C4"	4.01341936000017	3457.70028228	4290.824850754	-1.01203428438838	0.000356261853935604	-1.04919309304777	0.000412853095643688
"483"	"[13]C4"	4.01341936000017	4290.824850754	6176.01785464401	-1.72296303140369	0.000521947653692819	-1.04919309304777	0.000412853095643688
"571"	"[2]H1[13]C3"	4.01634126600015	0	736.709732184	0	1.54200924745128e-07	0	3.78435198197943e-07
"572"	"[2]H1[13]C3"	4.01634126600015	736.709732184	970.886968268	0	1.54200924745128e-07	-0.00170090003139485	2.68721429678875e-06
"573"	"[2]H1[13]C3"	4.01634126600015	970.886968268	1289.439240498	0	1.54200924745128e-07	-0.00607296007439582	7.1903750002437e-06
"574"	"[2]H1[13]C3"	4.01634126600015	1289.439240498	1314.433152044	-0.000190704243629104	3.02097962185568e-07	-0.00607296007439582	7.1903750002437e-06
"575"	"[2]H1[13]C3"	4.01634126600015	1314.433152044	1381.278219868	-0.000493777990333327	5.32671686100649e-07	-0.00607296007439582	7.1903750002437e-06
"576"	"[2]H1[13]C3"	4.01634126600015	1381.278219868	1584.146759436	-0.000493777990333327	5.32671686100649e-07	-0.00246712503964325	4.57986903346088e-06
"577"	"[2]H1[13]C3"	4.01634126600015	1584.146759436	1720.162803424	-0.00152395070708591	1.18297299853672e-06	-0.00246712503964325	4.57986903346088e-06
"578"	"[2]H1[13]C3"	4.01634126600015	1720.162803424	1870.158111968	-0.00161000231021336	1.23299826530575e-06	-0.00246712503964325	4.57986903346088e-06
"579"	"[2]H1[13]C3"	4.01634126600015	1870.158111968	2323.33051834	-0.00450607910996093	2.78157150155473e-06	-0.00246712503964325	4.57986903346088e-06
"580"	"[2]H1[13]C3"	4.01634126600015	2323.33051834	2654.234034376	-0.00450607910996093	2.78157150155473e-06	-0.0310550350186627	1.68845797723553e-05
"581"	"[2]H1[13]C3"	4.01634126600015	2654.234034376	3097.014209664	-0.0201511806183625	8.67596563024718e-06	-0.0310550350186627	1.68845797723553e-05
"582"	"[2]H1[13]C3"	4.01634126600015	3097.014209664	3457.70028228	-0.0711642215406327	2.51476501201303e-05	-0.0310550350186627	1.68845797723553e-05
"583"	"[2]H1[13]C3"	4.01634126600015	3457.70028228	3503.683361478	-0.0711642215406327	2.51476501201303e-05	-0.0273463393894537	1.58119895168565e-05
"584"	"[2]H1[13]C3"	4.01634126600015	3503.683361478	4290.824850754	-0.0879014181872038	2.99246790122362e-05	-0.0273463393894537	1.58119895168565e-05
"585"	"[2]H1[13]C3"	4.01634126600015	4290.824850754	5224.168615172	-0.113968961396201	3.59998613176657e-05	-0.161548908141186	4.7088625925856e-05
"586"	"[2]H1[13]C3"	4.01634126600015	5224.168615172	6176.01785464401	-0.113968961396201	3.59998613176657e-05	-0.0468159998678584	2.51266800690318e-05
"88"	"[15]N1[37]Cl2"	4.99113474000001	0	118.90963214	0	7.93970785615122e-07	0	9.43571072003547e-06
"89"	"[15]N1[37]Cl2"	4.99113474000001	118.90963214	162.89946138	0	7.93970785615122e-07	0.00112199689069887	0
"90"	"[15]N1[37]Cl2"	4.99113474000001	162.89946138	471.048771998	0	7.93970785615122e-07	-0.0075836986397356	5.34421382163226e-05
"91"	"[15]N1[37]Cl2"	4.99113474000001	471.048771998	1447.43019979	-0.00106946767766078	3.06436769828411e-06	-0.0075836986397356	5.34421382163226e-05
"124"	"[33]S1[34]S1[37]Cl1"	4.99223384000004	0	185.8767615	0	4.97915293321363e-07	0	2.43232700547585e-06
"125"	"[33]S1[34]S1[37]Cl1"	4.99223384000004	185.8767615	303.914603572	0	4.97915293321363e-07	0.000452113066686844	4.59260417444843e-22
"126"	"[33]S1[34]S1[37]Cl1"	4.99223384000004	303.914603572	454.00600539	0	4.97915293321363e-07	-0.000464063781030491	3.01458645602821e-06
"127"	"[33]S1[34]S1[37]Cl1"	4.99223384000004	454.00600539	505.952445644	-0.00174965196937069	4.35172327955649e-06	-0.000464063781030491	3.01458645602821e-06
"131"	"[33]S1[37]Cl2"	4.99348759000003	0	185.8767615	0	1.43037122866582e-06	2.16840434497101e-19	8.69708216681729e-06
"132"	"[33]S1[37]Cl2"	4.99348759000003	185.8767615	257.90758326	0	1.43037122866582e-06	-0.000469227688950259	1.12214842769232e-05
"133"	"[33]S1[37]Cl2"	4.99348759000003	257.90758326	346.910810108	0	1.43037122866582e-06	-0.00460177126725418	2.72448346804585e-05
"134"	"[33]S1[37]Cl2"	4.99348759000003	346.910810108	565.09297561	0	1.43037122866582e-06	0.0048497564030022	0
"446"	"[13]C1[34]S2"	4.99494712000003	0	183.950883176	0	4.40923302301029e-07	0	2.82479683389205e-06
"447"	"[13]C1[34]S2"	4.99494712000003	183.950883176	305.88274543	0	4.40923302301029e-07	-0.00281205163089377	1.8111766824698e-05
"448"	"[13]C1[34]S2"	4.99494712000003	305.88274543	491.037660514	0	4.40923302301029e-07	0.00226716156253057	1.50666807588123e-06
"449"	"[13]C1[34]S2"	4.99494712000003	491.037660514	724.064830812	-0.000239722421408182	9.29118894380972e-07	0.00226716156253057	1.50666807588123e-06
"450"	"[13]C1[34]S2"	4.99494712000003	724.064830812	736.986218638	-0.00027921632182587	9.8366359637043e-07	0.00226716156253057	1.50666807588123e-06
"451"	"[13]C1[34]S2"	4.99494712000003	736.986218638	778.996783322	-0.00027921632182587	9.8366359637043e-07	-0.0011802939765399	6.18444284545779e-06
"452"	"[13]C1[34]S2"	4.99494712000003	778.996783322	1208.297331414	-0.00027921632182587	9.8366359637043e-07	-0.0158366345834375	2.49988216987262e-05
"453"	"[13]C1[34]S2"	4.99494712000003	1208.297331414	1234.312981478	-0.00110181989203558	1.66445924891653e-06	-0.0158366345834375	2.49988216987262e-05
"454"	"[13]C1[34]S2"	4.99494712000003	1234.312981478	1296.04690598	-0.00116516243541415	1.71577730546223e-06	-0.0158366345834375	2.49988216987262e-05
"455"	"[13]C1[34]S2"	4.99494712000003	1296.04690598	1650.732304812	-0.00116516243541415	1.71577730546223e-06	-0.00604188121956017	1.7441415158358e-05
"456"	"[13]C1[34]S2"	4.99494712000003	1650.732304812	1668.453522408	-0.00523803080620392	4.18308733442154e-06	-0.00604188121956017	1.7441415158358e-05
"457"	"[13]C1[34]S2"	4.99494712000003	1668.453522408	3503.683361478	-0.00523803080620392	4.18308733442154e-06	0.0139732612290633	5.44519100238831e-06
"35"	"[13]C1[34]S1[37]Cl1"	4.99620087	0	185.8767615	0	3.40900965695354e-06	-2.16840434497101e-19	9.99575514839429e-06
"36"	"[13]C1[34]S1[37]Cl1"	4.99620087	185.8767615	257.90758326	0	3.40900965695354e-06	-0.00173793044576349	1.93456622144451e-05
"37"	"[13]C1[34]S1[37]Cl1"	4.99620087	257.90758326	267.978334078	0	3.40900965695354e-06	-0.00864404500287687	4.61231399055575e-05
"38"	"[13]C1[34]S1[37]Cl1"	4.99620087	267.978334078	317.928359428	0	3.40900965695354e-06	-0.00526133715133693	3.35000751970676e-05
"39"	"[13]C1[34]S1[37]Cl1"	4.99620087	317.928359428	378.902180356	-0.00145984427194761	8.00074936389281e-06	-0.00526133715133693	3.35000751970676e-05
"40"	"[13]C1[34]S1[37]Cl1"	4.99620087	378.902180356	410.017802424	-0.00145984427194761	8.00074936389281e-06	-0.00953686434111959	4.47840619658044e-05
"41"	"[13]C1[34]S1[37]Cl1"	4.99620087	410.017802424	434.04114532	-0.00145984427194761	8.00074936389281e-06	0.00149451046788174	1.78794379622014e-05
"42"	"[13]C1[34]S1[37]Cl1"	4.99620087	434.04114532	435.99706698	-0.00683161757919292	2.03769338919401e-05	0.00149451046788174	1.78794379622014e-05
"43"	"[13]C1[34]S1[37]Cl1"	4.99620087	435.99706698	601.205357082	-0.00683161757919292	2.03769338919401e-05	0.00542994094579567	8.85316054897637e-06
"57"	"[13]C1[37]Cl2"	4.99745461999993	0	109.969005548	0	4.53998238517286e-06	0	3.02059169919276e-05
"58"	"[13]C1[37]Cl2"	4.99745461999993	109.969005548	163.87541084	0	4.53998238517286e-06	-0.0170071677024779	0.000184860109032015
"59"	"[13]C1[37]Cl2"	4.99745461999993	163.87541084	243.886016248	0	4.53998238517286e-06	-0.106717436370735	0.000732289819251602
"60"	"[13]C1[37]Cl2"	4.99745461999993	243.886016248	281.81311626	-0.012344022913193	5.51538843345195e-05	-0.106717436370735	0.000732289819251602
"61"	"[13]C1[37]Cl2"	4.99745461999993	281.81311626	485.68344172	-0.012344022913193	5.51538843345195e-05	-0.451347489148494	0.00195519263283039
"62"	"[13]C1[37]Cl2"	4.99745461999993	485.68344172	565.09297561	-0.012344022913193	5.51538843345195e-05	-1.59527791003687	0.00431049306645699
"63"	"[13]C1[37]Cl2"	4.99745461999993	565.09297561	1447.43019979	-0.0159243615822558	6.14897243176619e-05	-1.59527791003687	0.00431049306645699
"630"	"[13]C1[18]O1[34]S1"	5.00339675999999	0	393.022193388	0	2.39859990396094e-07	0	6.83162440099268e-07
"631"	"[13]C1[18]O1[34]S1"	5.00339675999999	393.022193388	482.015727844	0	2.39859990396094e-07	-0.000653765892466896	2.34659494713198e-06
"632"	"[13]C1[18]O1[34]S1"	5.00339675999999	482.015727844	538.967815822	0	2.39859990396094e-07	-0.00127872738887729	3.64315325489877e-06
"633"	"[13]C1[18]O1[34]S1"	5.00339675999999	538.967815822	619.31520296	-0.000164231927860531	5.44575639530088e-07	-0.00127872738887729	3.64315325489877e-06
"634"	"[13]C1[18]O1[34]S1"	5.00339675999999	619.31520296	778.996783322	-0.00020237764701493	6.06169023597009e-07	-0.00127872738887729	3.64315325489877e-06
"635"	"[13]C1[18]O1[34]S1"	5.00339675999999	778.996783322	983.512339668	-0.00020237764701493	6.06169023597009e-07	-0.00663607520119791	1.05203932217629e-05
"636"	"[13]C1[18]O1[34]S1"	5.00339675999999	983.512339668	1119.539617056	-0.000713468564584367	1.12582790021259e-06	-0.00663607520119791	1.05203932217629e-05
"637"	"[13]C1[18]O1[34]S1"	5.00339675999999	1119.539617056	1296.04690598	-0.000765177189398393	1.17201530084251e-06	-0.00663607520119791	1.05203932217629e-05
"638"	"[13]C1[18]O1[34]S1"	5.00339675999999	1296.04690598	1303.660794828	-0.000765177189398393	1.17201530084251e-06	-0.0242528087155187	2.4113059839797e-05
"639"	"[13]C1[18]O1[34]S1"	5.00339675999999	1303.660794828	1346.728146106	-0.000802564962661275	1.20069436629512e-06	-0.0242528087155187	2.4113059839797e-05
"640"	"[13]C1[18]O1[34]S1"	5.00339675999999	1346.728146106	1506.951330946	-0.00106482195993209	1.39543077098757e-06	-0.0242528087155187	2.4113059839797e-05
"641"	"[13]C1[18]O1[34]S1"	5.00339675999999	1506.951330946	1549.829985432	-0.00106482195993209	1.39543077098757e-06	-0.00112435553206534	8.76521634379352e-06
"642"	"[13]C1[18]O1[34]S1"	5.00339675999999	1549.829985432	2009.036408958	-0.00318470757043186	2.76324893841636e-06	-0.00112435553206534	8.76521634379352e-06
"643"	"[13]C1[18]O1[34]S1"	5.00339675999999	2009.036408958	3503.683361478	-0.0200359465241649	1.1150970972022e-05	-0.00112435553206534	8.76521634379352e-06
"536"	"[13]C1[18]O1[37]Cl1"	5.00465051	0	191.98255097	0	4.5449911647445e-07	0	1.11126694349014e-06
"537"	"[13]C1[18]O1[37]Cl1"	5.00465051	191.98255097	207.933013964	0	4.5449911647445e-07	-0.00132736247279985	8.02524150051784e-06
"538"	"[13]C1[18]O1[37]Cl1"	5.00465051	207.933013964	391.170292172	0	4.5449911647445e-07	-0.00154554347819045	9.07452656223666e-06
"539"	"[13]C1[18]O1[37]Cl1"	5.00465051	391.170292172	396.014550698	-2.06910560452912e-05	5.0739438091389e-07	-0.00154554347819045	9.07452656223666e-06
"540"	"[13]C1[18]O1[37]Cl1"	5.00465051	396.014550698	405.185942236	-2.06910560452912e-05	5.0739438091389e-07	-0.00391845286914876	1.50665018236908e-05
"541"	"[13]C1[18]O1[37]Cl1"	5.00465051	405.185942236	463.98325057	-0.000447851772435698	1.5616281828892e-06	-0.00391845286914876	1.50665018236908e-05
"542"	"[13]C1[18]O1[37]Cl1"	5.00465051	463.98325057	487.155721582	-0.000447851772435698	1.5616281828892e-06	0.00257762195011152	1.06583518048789e-06
"543"	"[13]C1[18]O1[37]Cl1"	5.00465051	487.155721582	517.224453024	-0.00130011523696563	3.31109642635408e-06	0.00257762195011152	1.06583518048789e-06
"544"	"[13]C1[18]O1[37]Cl1"	5.00465051	517.224453024	585.210442462	-0.00213035967762666	4.91628820684113e-06	0.00257762195011152	1.06583518048789e-06
"545"	"[13]C1[18]O1[37]Cl1"	5.00465051	585.210442462	664.14915476	-0.00356551000306123	7.36865443495702e-06	0.00257762195011152	1.06583518048789e-06
"546"	"[13]C1[18]O1[37]Cl1"	5.00465051	664.14915476	986.383356136	-0.00356551000306123	7.36865443495702e-06	-0.0138635025787385	2.5821004122608e-05
"547"	"[13]C1[18]O1[37]Cl1"	5.00465051	986.383356136	1429.669818504	-0.00356551000306123	7.36865443495702e-06	-0.0117636679453332	2.36921820775655e-05
"548"	"[13]C1[18]O1[37]Cl1"	5.00465051	1429.669818504	1630.748797106	-0.00981749545266561	1.17416819471041e-05	-0.0117636679453332	2.36921820775655e-05
"617"	"[13]C3[37]Cl1"	5.00711440999993	0	259.112777296	0	5.01832425711046e-07	0	8.74901483658069e-07
"618"	"[13]C3[37]Cl1"	5.00711440999993	259.112777296	291.05815491	0	5.01832425711046e-07	-0.0016120776726479	7.09643053934924e-06
"619"	"[13]C3[37]Cl1"	5.00711440999993	291.05815491	367.039354398	0	5.01832425711046e-07	-0.00391841283947751	1.50203973752648e-05
"620"	"[13]C3[37]Cl1"	5.00711440999993	367.039354398	454.00600539	-0.000432583150211698	1.68040672579175e-06	-0.00391841283947751	1.50203973752648e-05
"621"	"[13]C3[37]Cl1"	5.00711440999993	454.00600539	471.092347528	-0.000569699119939118	1.98242028530323e-06	-0.00391841283947751	1.50203973752648e-05
"622"	"[13]C3[37]Cl1"	5.00711440999993	471.092347528	527.154947784	-0.000569699119939118	1.98242028530323e-06	-0.0117417533502769	3.16272061078868e-05
"623"	"[13]C3[37]Cl1"	5.00711440999993	527.154947784	565.09297561	-0.000569699119939118	1.98242028530323e-06	0.00383405658282604	2.08027688227877e-06
"624"	"[13]C3[37]Cl1"	5.00711440999993	565.09297561	614.103847874	-0.00523718873024578	1.02421046412594e-05	0.00383405658282604	2.08027688227877e-06
"625"	"[13]C3[37]Cl1"	5.00711440999993	614.103847874	704.239307196	-0.00542744185185372	1.05519107469639e-05	0.00383405658282604	2.08027688227877e-06
"626"	"[13]C3[37]Cl1"	5.00711440999993	704.239307196	788.27839865	-0.00542744185185372	1.05519107469639e-05	-0.016427351129474	3.08509057086828e-05
"627"	"[13]C3[37]Cl1"	5.00711440999993	788.27839865	986.383356136	-0.0207918717976151	3.00430321224504e-05	-0.016427351129474	3.08509057086828e-05
"628"	"[13]C3[37]Cl1"	5.00711440999993	986.383356136	1429.669818504	-0.0207918717976151	3.00430321224504e-05	-0.0353010317991488	4.99851303002345e-05
"629"	"[13]C3[37]Cl1"	5.00711440999993	1429.669818504	1630.748797106	-0.0751827871635421	6.80874215765423e-05	-0.0353010317991488	4.99851303002345e-05
"520"	"[13]C3[18]O1"	5.01431030000015	0	694.18389716	0	1.71653868916469e-07	0	4.29976915230481e-07
"521"	"[13]C3[18]O1"	5.01431030000015	694.18389716	893.183287902	0	1.71653868916469e-07	-0.00211701072810604	3.47961655217253e-06
"522"	"[13]C3[18]O1"	5.01431030000015	893.183287902	1032.299320836	-0.000205715573590375	4.01971180465794e-07	-0.00211701072810604	3.47961655217253e-06
"523"	"[13]C3[18]O1"	5.01431030000015	1032.299320836	1134.006993954	-0.000205715573590375	4.01971180465794e-07	-0.00811892409753313	9.29373775547477e-06
"524"	"[13]C3[18]O1"	5.01431030000015	1134.006993954	1381.278219868	-0.000530895793813221	6.88724456200914e-07	-0.00811892409753313	9.29373775547477e-06
"525"	"[13]C3[18]O1"	5.01431030000015	1381.278219868	1440.31694052	-0.00125290174347816	1.21143301648932e-06	-0.00811892409753313	9.29373775547477e-06
"526"	"[13]C3[18]O1"	5.01431030000015	1440.31694052	1506.951330946	-0.00125290174347816	1.21143301648932e-06	-0.0302103771523335	2.46316487619403e-05
"527"	"[13]C3[18]O1"	5.01431030000015	1506.951330946	1638.62790069	-0.0185813887319652	1.2710468607512e-05	-0.0302103771523335	2.46316487619403e-05
"528"	"[13]C3[18]O1"	5.01431030000015	1638.62790069	2009.036408958	-0.0196259635547076	1.33479378110466e-05	-0.0302103771523335	2.46316487619403e-05
"529"	"[13]C3[18]O1"	5.01431030000015	2009.036408958	2323.33051834	-0.0596678066432306	3.32788076101116e-05	-0.0302103771523335	2.46316487619403e-05
"530"	"[13]C3[18]O1"	5.01431030000015	2323.33051834	3295.64745886	-0.0596678066432306	3.32788076101116e-05	-0.166760131521115	8.34049284528322e-05
"531"	"[13]C3[18]O1"	5.01431030000015	3295.64745886	3457.70028228	-0.0596678066432306	3.32788076101116e-05	-0.341119553316594	0.000136310897301755
"532"	"[13]C3[18]O1"	5.01431030000015	3457.70028228	3503.683361478	-0.0596678066432306	3.32788076101116e-05	-0.935627853184691	0.00030824838503452
"533"	"[13]C3[18]O1"	5.01431030000015	3503.683361478	4290.824850754	-0.715913319704231	0.000220580411481121	-0.935627853184691	0.00030824838503452
"534"	"[13]C3[18]O1"	5.01431030000015	4290.824850754	5224.168615172	-1.0340822064717	0.000294731395926817	-0.935627853184691	0.00030824838503452
"535"	"[13]C3[18]O1"	5.01431030000015	5224.168615172	6176.01785464401	-2.03262461297524	0.000485870403883716	-0.935627853184691	0.00030824838503452
"549"	"[13]C5"	5.01677420000021	0	748.6158318	0	1.63723028646592e-07	0	5.67353924502188e-07
"550"	"[13]C5"	5.01677420000021	748.6158318	970.886968268	0	1.63723028646592e-07	-0.00417797434244914	6.14828631328625e-06
"551"	"[13]C5"	5.01677420000021	970.886968268	1104.471770416	0	1.63723028646592e-07	-0.0203324981171119	2.27872198891291e-05
"552"	"[13]C5"	5.01677420000021	1104.471770416	1218.438512216	-3.28836098985926e-05	1.93496184266683e-07	-0.0203324981171119	2.27872198891291e-05
"553"	"[13]C5"	5.01677420000021	1218.438512216	1314.433152044	-0.000438757949680009	5.26606419795305e-07	-0.0203324981171119	2.27872198891291e-05
"554"	"[13]C5"	5.01677420000021	1314.433152044	1381.278219868	-0.00146869459715927	1.31016596854654e-06	-0.0203324981171119	2.27872198891291e-05
"555"	"[13]C5"	5.01677420000021	1381.278219868	1638.62790069	-0.00146869459715927	1.31016596854654e-06	-0.013876502108179	1.81132911207817e-05
"556"	"[13]C5"	5.01677420000021	1638.62790069	1800.591622304	-0.00584276981013688	3.97951830359207e-06	-0.013876502108179	1.81132911207817e-05
"557"	"[13]C5"	5.01677420000021	1800.591622304	1962.644445724	-0.00698966718347287	4.61647415695123e-06	-0.013876502108179	1.81132911207817e-05
"558"	"[13]C5"	5.01677420000021	1962.644445724	2124.697269144	-0.0106910943185342	6.50241286741179e-06	-0.013876502108179	1.81132911207817e-05
"559"	"[13]C5"	5.01677420000021	2124.697269144	2286.750092564	-0.0158167589333194	8.91483401051902e-06	-0.013876502108179	1.81132911207817e-05
"560"	"[13]C5"	5.01677420000021	2286.750092564	2323.33051834	-0.0227430089162645	1.1943695802399e-05	-0.013876502108179	1.81132911207817e-05
"561"	"[13]C5"	5.01677420000021	2323.33051834	2448.802915984	-0.0227430089162645	1.1943695802399e-05	-0.178853720269837	8.91222228501911e-05
"562"	"[13]C5"	5.01677420000021	2448.802915984	2610.855739404	-0.0319073174157535	1.56860584236092e-05	-0.178853720269837	8.91222228501911e-05
"563"	"[13]C5"	5.01677420000021	2610.855739404	2772.908562824	-0.0438128864136679	2.02460840191376e-05	-0.178853720269837	8.91222228501911e-05
"564"	"[13]C5"	5.01677420000021	2772.908562824	2934.961386244	-0.059033250298941	2.57350366984038e-05	-0.178853720269837	8.91222228501911e-05
"565"	"[13]C5"	5.01677420000021	2934.961386244	3097.014209664	-0.0782168794411054	3.22712825352578e-05	-0.178853720269837	8.91222228501911e-05
"566"	"[13]C5"	5.01677420000021	3097.014209664	3457.70028228	-0.374334058579768	0.000127885044401332	-0.178853720269837	8.91222228501911e-05
"567"	"[13]C5"	5.01677420000021	3457.70028228	3503.683361478	-0.374334058579768	0.000127885044401332	-0.127156226651424	7.41708131275634e-05
"568"	"[13]C5"	5.01677420000021	3503.683361478	4290.824850754	-0.448665888858892	0.000149100383406101	-0.127156226651424	7.41708131275634e-05
"569"	"[13]C5"	5.01677420000021	4290.824850754	5224.168615172	-1.0288910376329	0.000284325000806191	-1.19126106101548	0.000322166215265004
"570"	"[13]C5"	5.01677420000021	5224.168615172	6176.01785464401	-1.0288910376329	0.000284325000806191	-0.799726679967529	0.000247219480216892
"157"	"[34]S2[37]Cl1"	5.98864217000005	0	185.8767615	0	1.41075999774386e-06	0	6.89159318218158e-06
"158"	"[34]S2[37]Cl1"	5.98864217000005	185.8767615	303.914603572	0	1.41075999774386e-06	0.00128098702227939	1.83704166977937e-21
"159"	"[34]S2[37]Cl1"	5.98864217000005	303.914603572	378.902180356	0	1.41075999774386e-06	-0.00131484737958639	8.54132829207993e-06
"160"	"[34]S2[37]Cl1"	5.98864217000005	378.902180356	454.00600539	0	1.41075999774386e-06	0.00192148053341909	3.41345898027938e-21
"161"	"[34]S2[37]Cl1"	5.98864217000005	454.00600539	505.952445644	-0.00495734724655029	1.23298826254101e-05	0.00192148053341909	3.41345898027938e-21
"144"	"[34]S1[37]Cl2"	5.98989592000004	0	185.8767615	0	8.10543696243965e-06	0	4.92834656119646e-05
"145"	"[34]S1[37]Cl2"	5.98989592000004	185.8767615	257.90758326	0	8.10543696243965e-06	-0.00265895690405147	6.3588410902565e-05
"146"	"[34]S1[37]Cl2"	5.98989592000004	257.90758326	346.910810108	0	8.10543696243965e-06	-0.0260767038477737	0.000154387396522598
"147"	"[34]S1[37]Cl2"	5.98989592000004	346.910810108	565.09297561	0	8.10543696243965e-06	0.0274819529503458	0
"175"	"[37]Cl3"	5.99114966999991	0	117.914383162	0	6.21354805405488e-05	0	0.000277786518671648
"176"	"[37]Cl3"	5.99114966999991	117.914383162	118.90963214	0	6.21354805405488e-05	0.0327550259998867	0
"177"	"[37]Cl3"	5.99114966999991	118.90963214	151.87541084	0	6.21354805405488e-05	-0.321693275782471	0.00298082077459497
"178"	"[37]Cl3"	5.99114966999991	151.87541084	163.87541084	0	6.21354805405488e-05	0.131020103999547	0
"179"	"[37]Cl3"	5.99114966999991	163.87541084	243.901625588	0	6.21354805405488e-05	0.131020103999547	0
"180"	"[37]Cl3"	5.99114966999991	243.901625588	261.80803088	0	6.21354805405488e-05	-7.00743472913779	0.0292677624264614
"181"	"[37]Cl3"	5.99114966999991	261.80803088	399.75082168	0	6.21354805405488e-05	-1.58292175803441	0.00854833318332372
"182"	"[37]Cl3"	5.99114966999991	399.75082168	527.154947784	0	6.21354805405488e-05	-13.5178890974389	0.0384043502122479
"183"	"[37]Cl3"	5.99114966999991	527.154947784	539.62623252	-303.181179269246	0.575189392739014	-13.5178890974389	0.0384043502122479
"299"	"[18]O1[37]Cl2"	5.99834555999996	0	129.958834788	0	7.10613053991904e-07	0	3.23757596145458e-06
"300"	"[18]O1[37]Cl2"	5.99834555999996	129.958834788	161.904212402	0	7.10613053991904e-07	-0.00300261614187283	2.63419393298316e-05
"301"	"[18]O1[37]Cl2"	5.99834555999996	161.904212402	296.048318508	0	7.10613053991904e-07	-0.00573111795962465	4.31945077545313e-05
"302"	"[18]O1[37]Cl2"	5.99834555999996	296.048318508	351.850958332	-4.88922019600325e-05	8.7576245327387e-07	-0.00573111795962465	4.31945077545313e-05
"303"	"[18]O1[37]Cl2"	5.99834555999996	351.850958332	536.268482044	-4.88922019600325e-05	8.7576245327387e-07	0.00396358164767826	1.56410810045744e-05
"304"	"[18]O1[37]Cl2"	5.99834555999996	536.268482044	704.239307196	-0.000922552044885563	2.50490880846438e-06	0.00396358164767826	1.56410810045744e-05
"305"	"[18]O1[37]Cl2"	5.99834555999996	704.239307196	1447.43019979	-0.00314549150020505	5.66142028489751e-06	0.00396358164767826	1.56410810045744e-05
"587"	"[13]C2[34]S1[37]Cl1"	5.99955571000004	0	267.978334078	2.71050543121376e-20	4.79062190370049e-07	0	8.24877537495712e-07
"588"	"[13]C2[34]S1[37]Cl1"	5.99955571000004	267.978334078	297.014575576	2.71050543121376e-20	4.79062190370049e-07	-0.000551710483017385	2.88366518133859e-06
"589"	"[13]C2[34]S1[37]Cl1"	5.99955571000004	297.014575576	367.039354398	2.71050543121376e-20	4.79062190370049e-07	0.000192524728356128	3.77945689525035e-07
"590"	"[13]C2[34]S1[37]Cl1"	5.99955571000004	367.039354398	367.907977184	-0.000143355173160632	8.69633859164954e-07	0.000192524728356128	3.77945689525035e-07
"591"	"[13]C2[34]S1[37]Cl1"	5.99955571000004	367.907977184	385.981416916	-0.000143355173160632	8.69633859164954e-07	-0.00519083586134618	1.50103019404197e-05
"592"	"[13]C2[34]S1[37]Cl1"	5.99955571000004	385.981416916	410.017802424	-0.000143355173160632	8.69633859164954e-07	-0.00351151346503238	1.06595163255794e-05
"593"	"[13]C2[34]S1[37]Cl1"	5.99955571000004	410.017802424	419.032076128	-0.000143355173160632	8.69633859164954e-07	-0.000647410940220015	3.67420371749271e-06
"594"	"[13]C2[34]S1[37]Cl1"	5.99955571000004	419.032076128	435.99706698	-0.000451550226527861	1.60512660763199e-06	-0.000647410940220015	3.67420371749271e-06
"595"	"[13]C2[34]S1[37]Cl1"	5.99955571000004	435.99706698	565.09297561	-0.000451550226527861	1.60512660763199e-06	0.000832201646397331	2.80574038132466e-07
"596"	"[13]C2[34]S1[37]Cl1"	5.99955571000004	565.09297561	585.210442462	-0.00800861897711471	1.49782688634338e-05	0.000832201646397331	2.80574038132466e-07
"597"	"[13]C2[34]S1[37]Cl1"	5.99955571000004	585.210442462	601.205357082	-0.00800861897711471	1.49782688634338e-05	0.000996396503396182	0
"484"	"[13]C2[37]Cl2"	6.00080945999991	0	209.94059791	0	8.6121481592127e-07	0	3.5936928530316e-06
"485"	"[13]C2[37]Cl2"	6.00080945999991	209.94059791	281.81311626	0	8.6121481592127e-07	-0.00491243626526273	2.69928653530959e-05
"486"	"[13]C2[37]Cl2"	6.00080945999991	281.81311626	292.01464889	0	8.6121481592127e-07	-0.030283229715362	0.000117019879662438
"487"	"[13]C2[37]Cl2"	6.00080945999991	292.01464889	351.914688838	-0.0005321101764383	2.68341852543018e-06	-0.030283229715362	0.000117019879662438
"488"	"[13]C2[37]Cl2"	6.00080945999991	351.914688838	358.956802742	-0.0005321101764383	2.68341852543018e-06	-0.0469511919515027	0.000164383524218388
"489"	"[13]C2[37]Cl2"	6.00080945999991	358.956802742	499.803251176	-0.00165425697766567	5.80955178897473e-06	-0.0469511919515027	0.000164383524218388
"490"	"[13]C2[37]Cl2"	6.00080945999991	499.803251176	565.09297561	-0.00165425697766567	5.80955178897473e-06	0.0306991950619615	9.02161564584715e-06
"491"	"[13]C2[37]Cl2"	6.00080945999991	565.09297561	1447.43019979	-0.0137798810025867	2.72673021916085e-05	0.0306991950619615	9.02161564584715e-06
"44"	"[13]C1[34]S1[37]Cl2"	6.99325076000002	0	185.8767615	0	1.41868536084954e-06	0	1.59910972014967e-06
"45"	"[13]C1[34]S1[37]Cl2"	6.99325076000002	185.8767615	257.90758326	0	1.41868536084954e-06	-0.00162032767550294	1.03163246233313e-05
"46"	"[13]C1[34]S1[37]Cl2"	6.99325076000002	257.90758326	346.910810108	0	1.41868536084954e-06	-0.00455821307483212	2.17075577239395e-05
"47"	"[13]C1[34]S1[37]Cl2"	6.99325076000002	346.910810108	419.032076128	0	1.41868536084954e-06	0.00297237336064591	0
"48"	"[13]C1[34]S1[37]Cl2"	6.99325076000002	419.032076128	565.09297561	-0.000116142032247901	1.69585276369157e-06	0.00297237336064591	0
"64"	"[13]C1[37]Cl3"	6.9945045099999	0	117.914383162	0	2.17477368209181e-06	0	3.00446350933653e-06
"65"	"[13]C1[37]Cl3"	6.9945045099999	117.914383162	151.87541084	0	2.17477368209181e-06	-0.00333585429581154	3.1294941789908e-05
"66"	"[13]C1[37]Cl3"	6.9945045099999	151.87541084	162.89946138	0	2.17477368209181e-06	-0.0165178621554826	0.000118089820478718
"67"	"[13]C1[37]Cl3"	6.9945045099999	162.89946138	163.87541084	-0.00151594834449902	1.14808102500257e-05	-0.0165178621554826	0.000118089820478718
"68"	"[13]C1[37]Cl3"	6.9945045099999	163.87541084	243.901625588	-0.00151594834449902	1.14808102500257e-05	-0.0116751032366588	8.85383527264754e-05
"69"	"[13]C1[37]Cl3"	6.9945045099999	243.901625588	281.81311626	-0.00151594834449902	1.14808102500257e-05	-0.19976449632467	0.000859707436305005
"70"	"[13]C1[37]Cl3"	6.9945045099999	281.81311626	378.902180356	-0.00151594834449902	1.14808102500257e-05	-0.329960771932184	0.0013217025248778
"71"	"[13]C1[37]Cl3"	6.9945045099999	378.902180356	399.75082168	-0.0129429697059787	4.16390462114639e-05	-0.329960771932184	0.0013217025248778
"72"	"[13]C1[37]Cl3"	6.9945045099999	399.75082168	463.98325057	-0.0129429697059787	4.16390462114639e-05	-1.46205815569187	0.00415371017154607
"73"	"[13]C1[37]Cl3"	6.9945045099999	463.98325057	527.154947784	-0.0248475942243624	6.729649075016e-05	-1.46205815569187	0.00415371017154607
"74"	"[13]C1[37]Cl3"	6.9945045099999	527.154947784	539.62623252	-32.4846713479368	0.0616427856143252	-1.46205815569187	0.00415371017154607
"148"	"[34]S1[37]Cl3"	7.98694581000007	0	257.90758326	0	3.36128566355968e-06	0	5.68230942289332e-06
"149"	"[34]S1[37]Cl3"	7.98694581000007	257.90758326	294.902832238	0	3.36128566355968e-06	0.00146551069059394	0
"150"	"[34]S1[37]Cl3"	7.98694581000007	294.902832238	435.99706698	0	3.36128566355968e-06	-0.0234643137919987	8.45357241685395e-05
"184"	"[37]Cl4"	7.98819955999988	0	151.87541084	0	2.45449284475894e-05	0	6.90054086700004e-05
"185"	"[37]Cl4"	7.98819955999988	151.87541084	163.87541084	0	2.45449284475894e-05	0.0104802247919384	0
"186"	"[37]Cl4"	7.98819955999988	163.87541084	261.80803088	0	2.45449284475894e-05	-0.235038745279747	0.00149820506208462
"187"	"[37]Cl4"	7.98819955999988	261.80803088	281.81311626	0	2.45449284475894e-05	0.157203371879076	0
"188"	"[37]Cl4"	7.98819955999988	281.81311626	399.75082168	0	2.45449284475894e-05	-1.22013870753647	0.00488743071186515
"189"	"[37]Cl4"	7.98819955999988	399.75082168	426.981272906	0	2.45449284475894e-05	-11.99577208115	0.0318433061953166
"190"	"[37]Cl4"	7.98819955999988	426.981272906	499.803251176	-4.22952160093983	0.00993018217608153	-11.99577208115	0.0318433061953166
"191"	"[37]Cl4"	7.98819955999988	499.803251176	539.62623252	-55.1680610124183	0.111847365170838	-11.99577208115	0.0318433061953166
"651"	"[13]C2[37]Cl3"	7.99785934999989	0	263.847003202	5.42101086242752e-20	1.07278288685545e-06	0	2.17835460937897e-06
"652"	"[13]C2[37]Cl3"	7.99785934999989	263.847003202	281.81311626	5.42101086242752e-20	1.07278288685545e-06	-0.00786595383388931	3.19909116535353e-05
"653"	"[13]C2[37]Cl3"	7.99785934999989	281.81311626	287.860066452	5.42101086242752e-20	1.07278288685545e-06	0.00114950467119181	0
"654"	"[13]C2[37]Cl3"	7.99785934999989	287.860066452	351.914688838	5.42101086242752e-20	1.07278288685545e-06	-0.00935438778878326	3.64895783893893e-05
"655"	"[13]C2[37]Cl3"	7.99785934999989	351.914688838	375.030809912	5.42101086242752e-20	1.07278288685545e-06	-0.0418965340656726	0.000128961269140183
"656"	"[13]C2[37]Cl3"	7.99785934999989	375.030809912	399.75082168	-0.000373098371337006	2.06763014067055e-06	-0.0418965340656726	0.000128961269140183
"657"	"[13]C2[37]Cl3"	7.99785934999989	399.75082168	439.75879955	-0.000373098371337006	2.06763014067055e-06	-0.0385836604181227	0.000120673922453497
"658"	"[13]C2[37]Cl3"	7.99785934999989	439.75879955	463.98325057	-0.000373098371337006	2.06763014067055e-06	-0.0887761077144862	0.000234810233876315
"659"	"[13]C2[37]Cl3"	7.99785934999989	463.98325057	527.154947784	-0.00735005765875363	1.71047231366903e-05	-0.0887761077144862	0.000234810233876315
"660"	"[13]C2[37]Cl3"	7.99785934999989	527.154947784	539.62623252	-1.53131571509218	0.00290803017843161	-0.0887761077144862	0.000234810233876315
"387"	"[13]C1[37]Cl4"	8.99155439999987	0	243.901625588	0	2.29571120561689e-06	0	3.2531921206415e-06
"388"	"[13]C1[37]Cl4"	8.99155439999987	243.901625588	246.876139122	0	2.29571120561689e-06	-0.0578765627439713	0.00024054789076991
"389"	"[13]C1[37]Cl4"	8.99155439999987	246.876139122	261.80803088	-0.000831944856061869	5.66559887082679e-06	-0.0578765627439713	0.00024054789076991
"390"	"[13]C1[37]Cl4"	8.99155439999987	261.80803088	281.81311626	-0.000831944856061869	5.66559887082679e-06	-0.0616538296321359	0.000254975511173564
"391"	"[13]C1[37]Cl4"	8.99155439999987	281.81311626	287.860066452	-0.000831944856061869	5.66559887082679e-06	0.0102016137416726	0
"392"	"[13]C1[37]Cl4"	8.99155439999987	287.860066452	346.910810108	-0.000831944856061869	5.66559887082679e-06	-0.0224238588337429	0.000113337959577161
"393"	"[13]C1[37]Cl4"	8.99155439999987	346.910810108	377.870631136	-0.0027953047937092	1.13251513564818e-05	-0.0224238588337429	0.000113337959577161
"394"	"[13]C1[37]Cl4"	8.99155439999987	377.870631136	399.75082168	-0.0027953047937092	1.13251513564818e-05	-0.997535762692441	0.00269388226101493
"395"	"[13]C1[37]Cl4"	8.99155439999987	399.75082168	426.981272906	-0.0027953047937092	1.13251513564818e-05	-1.29743011491261	0.00344408547750821
"396"	"[13]C1[37]Cl4"	8.99155439999987	426.981272906	499.803251176	-0.683846436011855	0.0016063626259112	-1.29743011491261	0.00344408547750821
"397"	"[13]C1[37]Cl4"	8.99155439999987	499.803251176	539.62623252	-5.42923447317958	0.0111008747684437	-1.29743011491261	0.00344408547750821
"151"	"[34]S1[37]Cl4"	9.98399570000004	0	346.910810108	5.42101086242752e-20	1.35164862592016e-06	5.42101086242752e-20	1.35164862592016e-06
"192"	"[37]Cl5"	9.98524944999986	0	261.80803088	0	9.52852884306332e-06	0	7.68478167370082e-05
"193"	"[37]Cl5"	9.98524944999986	261.80803088	281.81311626	0	9.52852884306332e-06	0.0201193755773432	0
"194"	"[37]Cl5"	9.98524944999986	281.81311626	351.850958332	0	9.52852884306332e-06	0.0201193755773432	0
"195"	"[37]Cl5"	9.98524944999986	351.850958332	351.914688838	0	9.52852884306332e-06	-1.21144669495948	0.00350024929980363
"196"	"[37]Cl5"	9.98524944999986	351.914688838	399.75082168	-0.110254735751089	0.000322828141641673	-1.21144669495948	0.00350024929980363
"197"	"[37]Cl5"	9.98524944999986	399.75082168	403.849895692	-0.110254735751089	0.000322828141641673	-2.15754966069569	0.00586698105975375
"198"	"[37]Cl5"	9.98524944999986	403.849895692	439.75879955	-0.68553665970092	0.00174732256416488	-2.15754966069569	0.00586698105975375
"199"	"[37]Cl5"	9.98524944999986	439.75879955	499.803251176	-0.68553665970092	0.00174732256416488	-9.41144611356313	0.0223621517312452
"200"	"[37]Cl5"	9.98524944999986	499.803251176	539.62623252	-30.7868663522475	0.0619736808796029	-9.41144611356313	0.0223621517312452
"425"	"[13]C1[37]Cl5"	10.9886042899998	0	261.80803088	0	1.44281170594449e-06	0	2.49349531715148e-06
"426"	"[13]C1[37]Cl5"	10.9886042899998	261.80803088	281.81311626	0	1.44281170594449e-06	-0.00789064852314136	3.26325575018331e-05
"427"	"[13]C1[37]Cl5"	10.9886042899998	281.81311626	351.914688838	0	1.44281170594449e-06	-0.0441051321932001	0.000161137873899695
"428"	"[13]C1[37]Cl5"	10.9886042899998	351.914688838	399.75082168	-0.015220290250413	4.46927547551233e-05	-0.0441051321932001	0.000161137873899695
"429"	"[13]C1[37]Cl5"	10.9886042899998	399.75082168	403.849895692	-0.015220290250413	4.46927547551233e-05	-0.233354709081612	0.000634556730409028
"430"	"[13]C1[37]Cl5"	10.9886042899998	403.849895692	439.75879955	-0.113485609236781	0.000288014147269017	-0.233354709081612	0.000634556730409028
"431"	"[13]C1[37]Cl5"	10.9886042899998	439.75879955	499.803251176	-0.113485609236781	0.000288014147269017	-1.0179164400599	0.00241862957166
"432"	"[13]C1[37]Cl5"	10.9886042899998	499.803251176	539.62623252	-3.19221814403594	0.00644790311868954	-1.0179164400599	0.00241862957166
"201"	"[37]Cl6"	11.9822993399998	0	261.80803088	0	2.6566596641429e-06	0	4.09800923465567e-06
"202"	"[37]Cl6"	11.9822993399998	261.80803088	281.81311626	0	2.6566596641429e-06	0.00107289172825326	0
"203"	"[37]Cl6"	11.9822993399998	281.81311626	351.850958332	0	2.6566596641429e-06	0.00107289172825326	0
"204"	"[37]Cl6"	11.9822993399998	351.850958332	399.75082168	0	2.6566596641429e-06	-0.211713634629967	0.000604763242274414
"205"	"[37]Cl6"	11.9822993399998	399.75082168	403.849895692	0	2.6566596641429e-06	-0.570284388587596	0.00150174890061701
"206"	"[37]Cl6"	11.9822993399998	403.849895692	439.75879955	-0.120848375950975	0.000301897484634274	-0.570284388587596	0.00150174890061701
"207"	"[37]Cl6"	11.9822993399998	439.75879955	499.803251176	-0.120848375950975	0.000301897484634274	-3.87837206984653	0.00902425370244034
"208"	"[37]Cl6"	11.9822993399998	499.803251176	539.62623252	-12.0350114519838	0.0241396037180364	-3.87837206984653	0.00902425370244034
"661"	"[13]C1[37]Cl6"	12.9856541799998	0	399.75082168	0	7.74017927548851e-06	4.33680868994202e-19	8.12793705846822e-06
"662"	"[13]C1[37]Cl6"	12.9856541799998	399.75082168	419.777036428	0	7.74017927548851e-06	-0.0616804099655036	0.000162425080729829
"663"	"[13]C1[37]Cl6"	12.9856541799998	419.777036428	439.75879955	-0.00527254777701067	2.03005323187999e-05	-0.0616804099655036	0.000162425080729829
"664"	"[13]C1[37]Cl6"	12.9856541799998	439.75879955	485.68344172	-0.00527254777701067	2.03005323187999e-05	-0.130259944161097	0.000318373146500816
"665"	"[13]C1[37]Cl6"	12.9856541799998	485.68344172	499.803251176	-0.00527254777701067	2.03005323187999e-05	-0.721615809043257	0.00153594783421908
"666"	"[13]C1[37]Cl6"	12.9856541799998	499.803251176	539.62623252	-1.27966013750937	0.00257007904363065	-0.721615809043257	0.00153594783421908
"209"	"[37]Cl7"	13.9793492299998	0	399.75082168	0	5.49464269769175e-06	0	6.86988027395517e-06
"210"	"[37]Cl7"	13.9793492299998	399.75082168	419.777036428	0	5.49464269769175e-06	0.0027462402843568	0
"211"	"[37]Cl7"	13.9793492299998	419.777036428	439.75879955	0	5.49464269769175e-06	-0.19917939075069	0.00048103067464883
"212"	"[37]Cl7"	13.9793492299998	439.75879955	485.68344172	0	5.49464269769175e-06	-0.263761108188829	0.000627887809751582
"213"	"[37]Cl7"	13.9793492299998	485.68344172	499.803251176	0	5.49464269769175e-06	-2.03581217757321	0.00427645993959162
"214"	"[37]Cl7"	13.9793492299998	499.803251176	539.62623252	-3.37502252735227	0.00675819686984625	-2.03581217757321	0.00427645993959162
